H NUM     Z    A ISOM  ABUNDANCE_MF  ISOTP
 # mod      281 dzeit  1.25E+01 agej  4.7207E+04
 # t9 =    8.225E-01 rho =    1.357E+06
 # densn  1.02902E+04
 # densp  4.61071E+07
 # densa  2.61765E+13
 # total_energy_flux_[erg/(g*s)]  0.00000E+00
    1     0.   1.   1   1.25963E-26  NEUT 
    2     1.   1.   1   5.64400E-23  PROT 
    3     1.   2.   1   1.00000E-99  H   2
    4     2.   3.   1   1.00000E-99  HE  3
    5     2.   4.   1   1.28171E-16  HE  4
    6     4.   7.   1   1.00000E-99  BE  7
    7     5.   8.   1   1.00000E-99  B   8
    8     3.   7.   1   1.00000E-99  LI  7
    9     6.  11.   1   4.57168E-14  C  11
   10     5.  11.   1   3.43252E-09  B  11
   11     6.  12.   1   1.00740E-03  C  12
   12     6.  13.   1   7.31559E-11  C  13
   13     7.  13.   1   1.07223E-17  N  13
   14     7.  14.   1   1.72411E-05  N  14
   15     6.  14.   1   2.01618E-06  C  14
   16     7.  15.   1   5.65790E-08  N  15
   17     8.  16.   1   5.49151E-01  O  16
   18     8.  17.   1   1.07167E-05  O  17
   19     8.  18.   1   6.59027E-07  O  18
   20     9.  17.   1   1.04781E-22  F  17
   21     9.  18.   1   1.49412E-14  F  18
   22     9.  19.   1   1.03614E-08  F  19
   23    10.  20.   1   3.66482E-01  NE 20
   24    10.  21.   1   3.43504E-03  NE 21
   25    10.  22.   1   3.77374E-03  NE 22
   26    11.  22.   1   1.71335E-10  NA 22
   27    11.  23.   1   2.52118E-02  NA 23
   28    12.  23.   1   2.43964E-16  MG 23
   29    12.  24.   1   2.91170E-02  MG 24
   30    12.  25.   1   1.30682E-02  MG 25
   31    12.  26.   1   3.57213E-03  MG 26
   32    13.  26.   1   8.53333E-13  AL 26
   33    13.  27.   1   1.88116E-03  AL 27
   34    14.  27.   1   1.64105E-17  SI 27
   35    14.  28.   1   9.88624E-04  SI 28
   36    14.  29.   1   1.21703E-04  SI 29
   37    14.  30.   1   1.87215E-04  SI 30
   38    15.  31.   1   5.63087E-05  P  31
   39    16.  31.   1   4.66157E-23  S  31
   46     4.   8.   1   1.00000E-99  BE  8
   47     8.  14.   1   1.00000E-99  O  14
   48     8.  15.   1   2.11305E-17  O  15
   49    11.  21.   1   5.46040E-16  NA 21
   50    13.  25.   1   4.39561E-15  AL 25
   51    15.  29.   1   1.57460E-18  P  29
   52    15.  30.   1   4.69527E-16  P  30
   58     9.  20.   1   9.93656E-22  F  20
   59    10.  19.   1   1.00000E-99  NE 19
   60    11.  24.   1   3.84283E-12  NA 24
   61    12.  27.   1   4.24748E-15  MG 27
   62    12.  28.   1   3.56671E-24  MG 28
   63    13.  28.   1   5.73033E-15  AL 28
   64    13.  29.   1   1.11554E-24  AL 29
   65    14.  31.   1   1.97368E-14  SI 31
   66    14.  32.   1   9.29601E-13  SI 32
   67    15.  32.   1   1.24480E-12  P  32
   68    15.  33.   1   8.57453E-07  P  33
   69    15.  34.   1   9.27994E-20  P  34
   70    15.  35.   1   1.00000E-99  P  35
   71    16.  32.   1   1.65421E-04  S  32
   72    16.  33.   1   5.91427E-06  S  33
   73    16.  34.   1   2.14820E-05  S  34
   74    16.  35.   1   2.88603E-06  S  35
   75    16.  36.   1   4.33792E-06  S  36
   76    16.  37.   1   7.96305E-19  S  37
   77    16.  38.   1   1.00000E-99  S  38
   78    17.  34.   1   1.38901E-20  CL 34
   79    17.  35.   1   9.18857E-07  CL 35
   80    17.  36.   1   1.20726E-07  CL 36
   81    17.  37.   1   3.69340E-05  CL 37
   82    17.  38.   1   6.33727E-16  CL 38
   83    17.  39.   1   7.10090E-26  CL 39
   84    17.  40.   1   1.00000E-99  CL 40
   85    18.  35.   1   1.00000E-99  AR 35
   86    18.  36.   1   1.97139E-05  AR 36
   87    18.  37.   1   1.46800E-13  AR 37
   88    18.  38.   1   3.82589E-05  AR 38
   89    18.  39.   1   3.85808E-08  AR 39
   90    18.  40.   1   1.82615E-06  AR 40
   91    18.  41.   1   1.33846E-16  AR 41
   92    18.  42.   1   4.51455E-19  AR 42
   93    18.  43.   1   1.00000E-99  AR 43
   94    18.  44.   1   1.00000E-99  AR 44
   95    19.  38.   1   1.80958E-27  K  38
   96    19.  39.   1   7.55907E-06  K  39
   97    19.  40.   1   8.42942E-07  K  40
   98    19.  41.   1   1.47652E-06  K  41
   99    19.  42.   1   7.18095E-15  K  42
  100    19.  43.   1   4.30997E-19  K  43
  101    19.  44.   1   1.00000E-99  K  44
  102    19.  45.   1   1.00000E-99  K  45
  103    19.  46.   1   1.00000E-99  K  46
  104    20.  39.   1   1.00000E-99  CA 39
  105    20.  40.   1   2.93042E-05  CA 40
  106    20.  41.   1   3.11519E-07  CA 41
  107    20.  42.   1   2.24801E-06  CA 42
  108    20.  43.   1   8.51476E-07  CA 43
  109    20.  44.   1   2.56424E-06  CA 44
  110    20.  45.   1   2.81078E-08  CA 45
  111    20.  46.   1   4.26546E-09  CA 46
  112    20.  47.   1   3.15886E-17  CA 47
  113    20.  48.   1   1.35200E-07  CA 48
  114    20.  49.   1   2.36965E-19  CA 49
  115    21.  43.   1   3.85466E-18  SC 43
  116    21.  44.   1   3.66681E-18  SC 44
  117    21.  45.   1   4.45912E-07  SC 45
  118    21.  46.   1   5.02672E-14  SC 46
  119    21.  47.   1   7.15990E-11  SC 47
  120    21.  48.   1   4.26762E-18  SC 48
  121    21.  49.   1   1.73193E-18  SC 49
  122    21.  50.   1   1.00000E-99  SC 50
  123    22.  44.   1   1.24364E-19  TI 44
  124    22.  45.   1   2.59811E-23  TI 45
  125    22.  46.   1   5.93307E-07  TI 46
  126    22.  47.   1   3.13633E-07  TI 47
  127    22.  48.   1   6.60855E-07  TI 48
  128    22.  49.   1   8.99839E-07  TI 49
  129    22.  50.   1   2.21648E-06  TI 50
  130    22.  51.   1   1.17714E-17  TI 51
  131    22.  52.   1   1.00000E-99  TI 52
  132    23.  47.   1   6.85707E-20  V  47
  133    23.  48.   1   6.19672E-19  V  48
  134    23.  49.   1   4.00993E-14  V  49
  135    23.  50.   1   4.23608E-15  V  50
  136    23.  51.   1   3.09451E-07  V  51
  137    23.  52.   1   1.02430E-17  V  52
  138    23.  53.   1   1.00000E-99  V  53
  139    24.  48.   1   1.00000E-99  CR 48
  140    24.  49.   1   1.00000E-99  CR 49
  141    24.  50.   1   5.51181E-09  CR 50
  142    24.  51.   1   8.24847E-16  CR 51
  143    24.  52.   1   4.32936E-06  CR 52
  144    24.  53.   1   1.39331E-06  CR 53
  145    24.  54.   1   7.76931E-06  CR 54
  146    24.  55.   1   4.54556E-17  CR 55
  147    24.  56.   1   1.00000E-99  CR 56
  148    25.  51.   1   1.95767E-22  MN 51
  149    25.  52.   1   1.00000E-99  MN 52
  150    25.  53.   1   6.61723E-11  MN 53
  151    25.  54.   1   2.30867E-14  MN 54
  152    25.  55.   1   8.12941E-06  MN 55
  153    25.  56.   1   3.58461E-16  MN 56
  154    25.  57.   1   1.44484E-23  MN 57
  155    26.  52.   1   1.00000E-99  FE 52
  156    26.  53.   1   1.00000E-99  FE 53
  157    26.  54.   1   2.38591E-06  FE 54
  158    26.  55.   1   1.01566E-12  FE 55
  159    26.  56.   1   2.43153E-04  FE 56
  160    26.  57.   1   1.25335E-04  FE 57
  161    26.  58.   1   4.11717E-04  FE 58
  162    26.  59.   1   3.92599E-11  FE 59
  163    26.  60.   1   3.74003E-10  FE 60
  164    26.  61.   1   1.40289E-21  FE 61
  165    27.  55.   1   1.69883E-19  CO 55
  166    27.  56.   1   1.02999E-24  CO 56
  167    27.  57.   1   4.63801E-13  CO 57
  168    27.  58.   1   1.69700E-14  CO 58
  169    27.  59.   1   1.97781E-04  CO 59
  170    27.  60.   1   8.47960E-12  CO 60
  171    27.  61.   1   4.66338E-14  CO 61
  172    27.  62.   1   6.44333E-25  CO 62
  173    27.  63.   1   1.00000E-99  CO 63
  174    28.  56.   1   1.00000E-99  NI 56
  175    28.  57.   1   1.00000E-99  NI 57
  176    28.  58.   1   5.54798E-07  NI 58
  177    28.  59.   1   2.74735E-13  NI 59
  178    28.  60.   1   1.78593E-04  NI 60
  179    28.  61.   1   6.75676E-05  NI 61
  180    28.  62.   1   1.74354E-04  NI 62
  181    28.  63.   1   3.17410E-05  NI 63
  182    28.  64.   1   7.24336E-05  NI 64
  183    28.  65.   1   3.39487E-15  NI 65
  184    28.  66.   1   4.04377E-23  NI 66
  185    28.  67.   1   1.00000E-99  NI 67
  186    28.  68.   1   1.00000E-99  NI 68
  187    29.  60.   1   1.00000E-99  CU 60
  188    29.  61.   1   6.18719E-19  CU 61
  189    29.  62.   1   1.54548E-19  CU 62
  190    29.  63.   1   4.21594E-06  CU 63
  191    29.  64.   1   1.11981E-14  CU 64
  192    29.  65.   1   1.29904E-05  CU 65
  193    29.  66.   1   4.93188E-16  CU 66
  194    29.  67.   1   2.07503E-21  CU 67
  195    29.  68.   1   1.00000E-99  CU 68
  196    29.  69.   1   1.00000E-99  CU 69
  197    29.  70.   1   1.00000E-99  CU 70
  198    29.  71.   1   1.00000E-99  CU 71
  199    30.  62.   1   1.00000E-99  ZN 62
  200    30.  63.   1   1.00000E-99  ZN 63
  201    30.  64.   1   4.87537E-11  ZN 64
  202    30.  65.   1   1.39070E-16  ZN 65
  203    30.  66.   1   7.36903E-06  ZN 66
  204    30.  67.   1   1.90548E-06  ZN 67
  205    30.  68.   1   6.04840E-06  ZN 68
  206    30.  69.   1   1.43164E-15  ZN 69
  207    30.  70.   1   1.45473E-09  ZN 70
  208    30.  71.   1   2.60349E-20  ZN 71
  209    30.  72.   1   1.00000E-99  ZN 72
  210    30.  73.   1   1.00000E-99  ZN 73
  211    30.  74.   1   1.00000E-99  ZN 74
  212    31.  65.   1   2.21266E-26  GA 65
  213    31.  66.   1   1.00000E-99  GA 66
  214    31.  67.   1   2.20426E-18  GA 67
  215    31.  68.   1   9.59518E-21  GA 68
  216    31.  69.   1   6.97108E-07  GA 69
  217    31.  70.   1   4.61033E-16  GA 70
  218    31.  71.   1   6.03945E-07  GA 71
  219    31.  72.   1   8.22949E-17  GA 72
  220    31.  73.   1   7.26536E-25  GA 73
  221    31.  74.   1   1.00000E-99  GA 74
  222    31.  75.   1   1.00000E-99  GA 75
  223    32.  66.   1   1.00000E-99  GE 66
  224    32.  67.   1   1.00000E-99  GE 67
  225    32.  68.   1   1.00000E-99  GE 68
  226    32.  69.   1   1.00000E-99  GE 69
  227    32.  70.   1   9.03329E-07  GE 70
  228    32.  71.   1   1.92124E-12  GE 71
  229    32.  72.   1   7.26290E-07  GE 72
  230    32.  73.   1   2.65636E-07  GE 73
  231    32.  74.   1   8.70678E-07  GE 74
  232    32.  75.   1   1.03757E-15  GE 75
  233    32.  76.   1   1.41866E-09  GE 76
  234    32.  77.   1   2.40464E-19  GE 77
  235    32.  78.   1   1.00000E-99  GE 78
  236    33.  69.   1   1.00000E-99  AS 69
  237    33.  70.   1   1.00000E-99  AS 70
  238    33.  71.   1   8.47271E-20  AS 71
  239    33.  72.   1   1.01841E-25  AS 72
  240    33.  73.   1   2.92021E-18  AS 73
  241    33.  74.   1   2.57657E-15  AS 74
  242    33.  75.   1   9.46269E-08  AS 75
  243    33.  76.   1   2.50471E-17  AS 76
  244    33.  77.   1   1.43290E-17  AS 77
  245    33.  78.   1   2.89694E-27  AS 78
  246    33.  79.   1   1.00000E-99  AS 79
  247    33.  80.   1   1.00000E-99  AS 80
  248    33.  81.   1   1.00000E-99  AS 81
  249    34.  72.   1   1.00000E-99  SE 72
  250    34.  73.   1   1.00000E-99  SE 73
  251    34.  74.   1   2.45022E-14  SE 74
  252    34.  75.   1   6.92843E-19  SE 75
  253    34.  76.   1   1.60399E-07  SE 76
  254    34.  77.   1   7.13004E-08  SE 77
  255    34.  78.   1   3.53080E-07  SE 78
  256    34.  79.   1   5.73229E-12  SE 79
  257    34.  80.   1   1.36650E-08  SE 80
  258    34.  81.   1   4.35854E-18  SE 81
  259    34.  82.   1   1.21801E-11  SE 82
  260    34.  83.   1   4.99248E-22  SE 83
  261    34.  84.   1   1.00000E-99  SE 84
  262    35.  74.   1   1.00000E-99  BR 74
  263    35.  75.   1   1.00000E-99  BR 75
  264    35.  76.   1   1.00000E-99  BR 76
  265    35.  77.   1   5.48894E-21  BR 77
  266    35.  78.   1   2.00177E-20  BR 78
  267    35.  79.   1   3.70927E-08  BR 79
  268    35.  80.   1   3.12237E-16  BR 80
  269    35.  81.   1   8.55184E-08  BR 81
  270    35.  82.   1   1.55833E-16  BR 82
  271    35.  83.   1   3.22068E-21  BR 83
  272    35.  84.   1   1.00000E-99  BR 84
  273    35.  85.   1   1.00000E-99  BR 85
  274    35.  86.   1   1.00000E-99  BR 86
  275    35.  87.   1   1.00000E-99  BR 87
  276    36.  76.   1   1.00000E-99  KR 76
  277    36.  77.   1   1.00000E-99  KR 77
  278    36.  78.   1   1.36641E-18  KR 78
  279    36.  79.   1   3.05443E-24  KR 79
  280    36.  80.   1   7.03049E-08  KR 80
  281    36.  81.   1   6.77674E-11  KR 81
  282    36.  82.   1   1.60343E-07  KR 82
  283    36.  83.   1   7.11484E-08  KR 83
  284    36.  84.   1   3.24920E-07  KR 84
  285    36.  85.   1   3.04192E-13  KR 85
  286    36.  86.   1   1.17021E-08  KR 86
  287    36.  87.   1   1.12454E-18  KR 87
  288    36.  88.   1   1.00000E-99  KR 88
  289    36.  89.   1   1.00000E-99  KR 89
  290    36.  90.   1   1.00000E-99  KR 90
  291    37.  79.   1   1.00000E-99  RB 79
  292    37.  80.   1   1.00000E-99  RB 80
  293    37.  81.   1   4.31981E-23  RB 81
  294    37.  82.   1   7.14691E-26  RB 82
  295    37.  83.   1   5.35850E-20  RB 83
  296    37.  84.   1   7.76208E-17  RB 84
  297    37.  85.   1   4.41949E-08  RB 85
  298    37.  86.   1   4.34562E-14  RB 86
  299    37.  87.   1   9.14103E-08  RB 87
  300    37.  88.   1   1.10537E-17  RB 88
  301    37.  89.   1   3.00251E-27  RB 89
  302    37.  90.   1   1.00000E-99  RB 90
  303    37.  91.   1   1.00000E-99  RB 91
  304    38.  80.   1   1.00000E-99  SR 80
  305    38.  81.   1   1.00000E-99  SR 81
  306    38.  82.   1   1.00000E-99  SR 82
  307    38.  83.   1   1.00000E-99  SR 83
  308    38.  84.   1   5.66128E-16  SR 84
  309    38.  85.   1   1.92764E-20  SR 85
  310    38.  86.   1   1.46874E-07  SR 86
  311    38.  87.   1   3.31113E-08  SR 87
  312    38.  88.   1   3.91176E-07  SR 88
  313    38.  89.   1   3.60245E-14  SR 89
  314    38.  90.   1   1.70057E-17  SR 90
  315    38.  91.   1   4.38018E-26  SR 91
  316    38.  92.   1   1.00000E-99  SR 92
  317    38.  93.   1   1.00000E-99  SR 93
  318    38.  94.   1   1.00000E-99  SR 94
  319    39.  85.   1   1.00000E-99  Y  85
  320    39.  86.   1   1.00000E-99  Y  86
  321    39.  87.   1   5.42331E-22  Y  87
  322    39.  88.   1   4.32830E-21  Y  88
  323    39.  89.   1   7.40308E-08  Y  89
  324    39.  90.   1   1.22353E-15  Y  90
  325    39.  91.   1   4.87206E-21  Y  91
  326    39.  92.   1   1.00000E-99  Y  92
  327    39.  93.   1   1.00000E-99  Y  93
  328    39.  94.   1   1.00000E-99  Y  94
  329    39.  95.   1   1.00000E-99  Y  95
  330    39.  96.   1   1.00000E-99  Y  96
  331    40.  86.   1   1.00000E-99  ZR 86
  332    40.  87.   1   1.00000E-99  ZR 87
  333    40.  88.   1   1.00000E-99  ZR 88
  334    40.  89.   1   1.00000E-99  ZR 89
  335    40.  90.   1   4.10493E-08  ZR 90
  336    40.  91.   1   1.25663E-08  ZR 91
  337    40.  92.   1   1.27566E-08  ZR 92
  338    40.  93.   1   1.06331E-09  ZR 93
  339    40.  94.   1   8.91545E-09  ZR 94
  340    40.  95.   1   6.43854E-15  ZR 95
  341    40.  96.   1   2.59555E-10  ZR 96
  342    40.  97.   1   5.11511E-19  ZR 97
  343    40.  98.   1   1.00000E-99  ZR 98
  344    41.  89.   1   1.00000E-99  NB 89
  345    41.  90.   1   1.00000E-99  NB 90
  346    41.  91.   1   2.63981E-17  NB 91
  347    41.  92.   1   3.51118E-24  NB 92
  348    41.  93.   1   3.15804E-09  NB 93
  349    41.  94.   1   9.25354E-16  NB 94
  350    41.  95.   1   3.54794E-15  NB 95
  351    41.  96.   1   1.25218E-22  NB 96
  352    41.  97.   1   3.65604E-20  NB 97
  353    41.  98.   1   1.00000E-99  NB 98
  354    41.  99.   1   1.00000E-99  NB 99
  355    42.  90.   1   1.00000E-99  MO 90
  356    42.  91.   1   1.00000E-99  MO 91
  357    42.  92.   1   3.86130E-13  MO 92
  358    42.  93.   1   9.24595E-14  MO 93
  359    42.  94.   1   2.19315E-09  MO 94
  360    42.  95.   1   1.71361E-09  MO 95
  361    42.  96.   1   3.31737E-09  MO 96
  362    42.  97.   1   1.15596E-09  MO 97
  363    42.  98.   1   3.24560E-09  MO 98
  364    42.  99.   1   6.86776E-18  MO 99
  365    42. 100.   1   8.71443E-15  MO100
  366    42. 101.   1   3.44119E-24  MO101
  367    42. 102.   1   1.00000E-99  MO102
  368    43.  93.   1   1.00000E-99  TC 93
  369    43.  94.   1   1.00000E-99  TC 94
  370    43.  95.   1   1.15465E-23  TC 95
  371    43.  96.   1   2.47786E-26  TC 96
  372    43.  97.   1   6.54479E-21  TC 97
  373    43.  98.   1   2.64135E-24  TC 98
  374    43.  99.   1   5.78925E-15  TC 99
  375    43. 100.   1   2.30300E-25  TC100
  376    43. 101.   1   3.34687E-24  TC101
  377    43. 102.   1   1.00000E-99  TC102
  378    43. 103.   1   1.00000E-99  TC103
  379    43. 104.   1   1.00000E-99  TC104
  380    43. 105.   1   1.00000E-99  TC105
  381    44.  94.   1   1.00000E-99  RU 94
  382    44.  95.   1   1.00000E-99  RU 95
  383    44.  96.   1   8.08916E-18  RU 96
  384    44.  97.   1   2.34269E-23  RU 97
  385    44.  98.   1   2.67788E-16  RU 98
  386    44.  99.   1   6.09241E-10  RU 99
  387    44. 100.   1   1.50162E-09  RU100
  388    44. 101.   1   3.30303E-10  RU101
  389    44. 102.   1   2.13445E-09  RU102
  390    44. 103.   1   9.62367E-17  RU103
  391    44. 104.   1   5.95056E-13  RU104
  392    44. 105.   1   1.54902E-21  RU105
  393    44. 106.   1   3.49659E-27  RU106
  394    45.  98.   1   1.00000E-99  RH 98
  395    45.  99.   1   1.00000E-99  RH 99
  396    45. 100.   1   8.13957E-27  RH100
  397    45. 101.   1   3.47451E-23  RH101
  398    45. 102.   1   5.87221E-22  RH102
  399    45. 103.   1   3.42161E-10  RH103
  400    45. 104.   1   1.29280E-19  RH104
  401    45. 105.   1   4.45776E-20  RH105
  402    45. 106.   1   1.00000E-99  RH106
  403    45. 107.   1   1.00000E-99  RH107
  404    45. 108.   1   1.00000E-99  RH108
  405    46.  99.   1   1.00000E-99  PD 99
  406    46. 100.   1   1.00000E-99  PD100
  407    46. 101.   1   1.00000E-99  PD101
  408    46. 102.   1   3.65075E-21  PD102
  409    46. 103.   1   4.71430E-25  PD103
  410    46. 104.   1   1.02076E-09  PD104
  411    46. 105.   1   2.32608E-10  PD105
  412    46. 106.   1   1.20914E-09  PD106
  413    46. 107.   1   3.95535E-12  PD107
  414    46. 108.   1   6.10636E-11  PD108
  415    46. 109.   1   1.92192E-18  PD109
  416    46. 110.   1   4.16072E-13  PD110
  417    46. 111.   1   3.09950E-22  PD111
  418    46. 112.   1   1.00000E-99  PD112
  419    47. 101.   1   1.00000E-99  AG101
  420    47. 102.   1   1.00000E-99  AG102
  421    47. 103.   1   1.00000E-99  AG103
  422    47. 104.   1   1.00000E-99  AG104
  423    47. 105.   1   1.62341E-25  AG105
  424    47. 106.   1   1.00000E-99  AG106
  425    47. 107.   1   3.08806E-10  AG107
  426    47. 108.   1   4.42724E-19  AG108
  427    47. 109.   1   7.59604E-10  AG109
  428    47. 110.   1   9.86793E-20  AG110
  429    47. 111.   1   6.86195E-21  AG111
  430    47. 112.   1   1.00000E-99  AG112
  431    47. 113.   1   1.00000E-99  AG113
  432    48. 102.   1   1.00000E-99  CD102
  433    48. 103.   1   1.00000E-99  CD103
  434    48. 104.   1   1.00000E-99  CD104
  435    48. 105.   1   1.00000E-99  CD105
  436    48. 106.   1   2.29778E-21  CD106
  437    48. 107.   1   1.00000E-99  CD107
  438    48. 108.   1   1.36108E-09  CD108
  439    48. 109.   1   1.11585E-13  CD109
  440    48. 110.   1   1.19001E-09  CD110
  441    48. 111.   1   3.59829E-10  CD111
  442    48. 112.   1   1.47574E-09  CD112
  443    48. 113.   1   4.44448E-15  CD113
  444    48. 114.   1   9.28922E-12  CD114
  445    48. 115.   1   5.12013E-19  CD115
  446    48. 116.   1   1.14948E-13  CD116
  447    48. 117.   1   2.73027E-22  CD117
  448    48. 118.   1   1.00000E-99  CD118
  449    49. 106.   1   1.00000E-99  IN106
  450    49. 107.   1   1.00000E-99  IN107
  451    49. 108.   1   1.00000E-99  IN108
  452    49. 109.   1   1.00000E-99  IN109
  453    49. 110.   1   1.00000E-99  IN110
  454    49. 111.   1   3.93254E-27  IN111
  455    49. 112.   1   1.21633E-22  IN112
  456    49. 113.   1   3.79098E-10  IN113
  457    49. 114.   1   1.03161E-19  IN114
  458    49. 115.   1   8.79724E-16  IN115
  459    49. 116.   1   6.17657E-26  IN116
  460    49. 117.   1   8.06915E-23  IN117
  461    49. 118.   1   1.00000E-99  IN118
  462    49. 119.   1   1.00000E-99  IN119
  463    50. 108.   1   1.00000E-99  SN108
  464    50. 109.   1   1.00000E-99  SN109
  465    50. 110.   1   1.00000E-99  SN110
  466    50. 111.   1   1.00000E-99  SN111
  467    50. 112.   1   1.73392E-18  SN112
  468    50. 113.   1   4.44348E-25  SN113
  469    50. 114.   1   2.01613E-09  SN114
  470    50. 115.   1   7.77834E-10  SN115
  471    50. 116.   1   2.78368E-09  SN116
  472    50. 117.   1   8.90231E-10  SN117
  473    50. 118.   1   4.36583E-09  SN118
  474    50. 119.   1   1.31386E-09  SN119
  475    50. 120.   1   7.02716E-09  SN120
  476    50. 121.   1   3.83919E-16  SN121
  477    50. 122.   1   7.46206E-11  SN122
  478    50. 123.   1   6.32653E-20  SN123
  479    50. 124.   1   1.59129E-10  SN124
  480    50. 125.   1   1.74048E-20  SN125
  481    50. 126.   1   1.35043E-17  SN126
  482    50. 127.   1   1.00000E-99  SN127
  483    50. 128.   1   1.00000E-99  SN128
  484    50. 129.   1   1.00000E-99  SN129
  485    50. 130.   1   1.00000E-99  SN130
  486    51. 112.   1   1.00000E-99  SB112
  487    51. 113.   1   1.00000E-99  SB113
  488    51. 114.   1   1.00000E-99  SB114
  489    51. 115.   1   1.00000E-99  SB115
  490    51. 116.   1   1.00000E-99  SB116
  491    51. 117.   1   1.00000E-99  SB117
  492    51. 118.   1   1.00000E-99  SB118
  493    51. 119.   1   3.05420E-27  SB119
  494    51. 120.   1   1.28618E-22  SB120
  495    51. 121.   1   5.34272E-10  SB121
  496    51. 122.   1   1.16332E-17  SB122
  497    51. 123.   1   8.95517E-10  SB123
  498    51. 124.   1   7.43386E-19  SB124
  499    51. 125.   1   7.49733E-18  SB125
  500    51. 126.   1   5.25676E-25  SB126
  501    51. 127.   1   8.31060E-26  SB127
  502    51. 128.   1   1.00000E-99  SB128
  503    51. 129.   1   1.00000E-99  SB129
  504    51. 130.   1   1.00000E-99  SB130
  505    51. 131.   1   1.00000E-99  SB131
  506    51. 132.   1   1.00000E-99  SB132
  507    51. 133.   1   1.00000E-99  SB133
  508    52. 114.   1   1.00000E-99  TE114
  509    52. 115.   1   1.00000E-99  TE115
  510    52. 116.   1   1.00000E-99  TE116
  511    52. 117.   1   1.00000E-99  TE117
  512    52. 118.   1   1.00000E-99  TE118
  513    52. 119.   1   1.00000E-99  TE119
  514    52. 120.   1   5.65482E-22  TE120
  515    52. 121.   1   6.08505E-27  TE121
  516    52. 122.   1   8.95013E-10  TE122
  517    52. 123.   1   2.11180E-12  TE123
  518    52. 124.   1   1.56692E-09  TE124
  519    52. 125.   1   4.99311E-10  TE125
  520    52. 126.   1   3.23755E-09  TE126
  521    52. 127.   1   6.83254E-17  TE127
  522    52. 128.   1   3.52141E-11  TE128
  523    52. 129.   1   4.41851E-20  TE129
  524    52. 130.   1   6.27875E-10  TE130
  525    52. 131.   1   6.59292E-20  TE131
  526    52. 132.   1   1.42318E-27  TE132
  527    52. 133.   1   1.00000E-99  TE133
  528    52. 134.   1   1.00000E-99  TE134
  529    53. 117.   1   1.00000E-99  I 117
  530    53. 118.   1   1.00000E-99  I 118
  531    53. 119.   1   1.00000E-99  I 119
  532    53. 120.   1   1.00000E-99  I 120
  533    53. 121.   1   1.00000E-99  I 121
  534    53. 122.   1   1.00000E-99  I 122
  535    53. 123.   1   1.00000E-99  I 123
  536    53. 124.   1   1.00000E-99  I 124
  537    53. 125.   1   1.77087E-25  I 125
  538    53. 126.   1   1.00000E-99  I 126
  539    53. 127.   1   4.65381E-10  I 127
  540    53. 128.   1   4.89602E-18  I 128
  541    53. 129.   1   5.63947E-17  I 129
  542    53. 130.   1   1.49720E-17  I 130
  543    53. 131.   1   2.06524E-18  I 131
  544    53. 132.   1   1.94475E-27  I 132
  545    53. 133.   1   1.00000E-99  I 133
  546    53. 134.   1   1.00000E-99  I 134
  547    53. 135.   1   1.00000E-99  I 135
  548    54. 118.   1   1.00000E-99  XE118
  549    54. 119.   1   1.00000E-99  XE119
  550    54. 120.   1   1.00000E-99  XE120
  551    54. 121.   1   1.00000E-99  XE121
  552    54. 122.   1   1.00000E-99  XE122
  553    54. 123.   1   1.00000E-99  XE123
  554    54. 124.   1   1.00000E-99  XE124
  555    54. 125.   1   1.00000E-99  XE125
  556    54. 126.   1   1.67850E-22  XE126
  557    54. 127.   1   9.65357E-27  XE127
  558    54. 128.   1   9.68551E-10  XE128
  559    54. 129.   1   4.00823E-10  XE129
  560    54. 130.   1   2.01254E-09  XE130
  561    54. 131.   1   8.57091E-10  XE131
  562    54. 132.   1   4.36614E-09  XE132
  563    54. 133.   1   3.31510E-16  XE133
  564    54. 134.   1   1.65701E-10  XE134
  565    54. 135.   1   4.09508E-19  XE135
  566    54. 136.   1   1.31849E-09  XE136
  567    54. 137.   1   7.70337E-22  XE137
  568    54. 138.   1   1.00000E-99  XE138
  569    55. 123.   1   1.00000E-99  CS123
  570    55. 124.   1   1.00000E-99  CS124
  571    55. 125.   1   1.00000E-99  CS125
  572    55. 126.   1   1.00000E-99  CS126
  573    55. 127.   1   1.00000E-99  CS127
  574    55. 128.   1   1.00000E-99  CS128
  575    55. 129.   1   1.00000E-99  CS129
  576    55. 130.   1   1.00000E-99  CS130
  577    55. 131.   1   1.94782E-26  CS131
  578    55. 132.   1   1.36534E-27  CS132
  579    55. 133.   1   6.48941E-10  CS133
  580    55. 134.   1   2.92714E-17  CS134
  581    55. 135.   1   1.78119E-16  CS135
  582    55. 136.   1   1.06032E-22  CS136
  583    55. 137.   1   5.86858E-18  CS137
  584    55. 138.   1   1.00000E-99  CS138
  585    55. 139.   1   1.00000E-99  CS139
  586    56. 124.   1   1.00000E-99  BA124
  587    56. 125.   1   1.00000E-99  BA125
  588    56. 126.   1   1.00000E-99  BA126
  589    56. 127.   1   1.00000E-99  BA127
  590    56. 128.   1   1.00000E-99  BA128
  591    56. 129.   1   1.00000E-99  BA129
  592    56. 130.   1   1.00000E-99  BA130
  593    56. 131.   1   1.00000E-99  BA131
  594    56. 132.   1   2.01690E-23  BA132
  595    56. 133.   1   4.05869E-27  BA133
  596    56. 134.   1   1.52790E-09  BA134
  597    56. 135.   1   6.40868E-10  BA135
  598    56. 136.   1   4.89447E-09  BA136
  599    56. 137.   1   4.28262E-09  BA137
  600    56. 138.   1   4.42652E-08  BA138
  601    56. 139.   1   3.27862E-18  BA139
  602    56. 140.   1   3.10417E-25  BA140
  603    56. 141.   1   1.00000E-99  BA141
  604    56. 142.   1   1.00000E-99  BA142
  605    57. 127.   1   1.00000E-99  LA127
  606    57. 128.   1   1.00000E-99  LA128
  607    57. 129.   1   1.00000E-99  LA129
  608    57. 130.   1   1.00000E-99  LA130
  609    57. 131.   1   1.00000E-99  LA131
  610    57. 132.   1   1.00000E-99  LA132
  611    57. 133.   1   1.00000E-99  LA133
  612    57. 134.   1   1.00000E-99  LA134
  613    57. 135.   1   1.00000E-99  LA135
  614    57. 136.   1   1.00000E-99  LA136
  615    57. 137.   1   4.28241E-27  LA137
  616    57. 138.   1   5.05475E-25  LA138
  617    57. 139.   1   5.11287E-09  LA139
  618    57. 140.   1   5.91147E-17  LA140
  619    57. 141.   1   4.65320E-25  LA141
  620    57. 142.   1   1.00000E-99  LA142
  621    57. 143.   1   1.00000E-99  LA143
  622    58. 130.   1   1.00000E-99  CE130
  623    58. 131.   1   1.00000E-99  CE131
  624    58. 132.   1   1.00000E-99  CE132
  625    58. 133.   1   1.00000E-99  CE133
  626    58. 134.   1   1.00000E-99  CE134
  627    58. 135.   1   1.00000E-99  CE135
  628    58. 136.   1   6.72057E-23  CE136
  629    58. 137.   1   1.00000E-99  CE137
  630    58. 138.   1   2.63139E-18  CE138
  631    58. 139.   1   1.11577E-21  CE139
  632    58. 140.   1   8.22245E-09  CE140
  633    58. 141.   1   9.72759E-16  CE141
  634    58. 142.   1   1.31866E-11  CE142
  635    58. 143.   1   2.20866E-19  CE143
  636    58. 144.   1   1.82474E-24  CE144
  637    58. 145.   1   1.00000E-99  CE145
  638    58. 146.   1   1.00000E-99  CE146
  639    59. 133.   1   1.00000E-99  PR133
  640    59. 134.   1   1.00000E-99  PR134
  641    59. 135.   1   1.00000E-99  PR135
  642    59. 136.   1   1.00000E-99  PR136
  643    59. 137.   1   1.00000E-99  PR137
  644    59. 138.   1   1.00000E-99  PR138
  645    59. 139.   1   1.00000E-99  PR139
  646    59. 140.   1   1.00000E-99  PR140
  647    59. 141.   1   9.30596E-10  PR141
  648    59. 142.   1   1.13286E-16  PR142
  649    59. 143.   1   1.34166E-18  PR143
  650    59. 144.   1   3.18566E-27  PR144
  651    59. 145.   1   1.00000E-99  PR145
  652    59. 146.   1   1.00000E-99  PR146
  653    59. 147.   1   1.00000E-99  PR147
  654    59. 148.   1   1.00000E-99  PR148
  655    59. 149.   1   1.00000E-99  PR149
  656    60. 134.   1   1.00000E-99  ND134
  657    60. 135.   1   1.00000E-99  ND135
  658    60. 136.   1   1.00000E-99  ND136
  659    60. 137.   1   1.00000E-99  ND137
  660    60. 138.   1   1.00000E-99  ND138
  661    60. 139.   1   1.00000E-99  ND139
  662    60. 140.   1   1.00000E-99  ND140
  663    60. 141.   1   1.00000E-99  ND141
  664    60. 142.   1   2.02549E-09  ND142
  665    60. 143.   1   3.21128E-10  ND143
  666    60. 144.   1   7.83478E-10  ND144
  667    60. 145.   1   2.09017E-10  ND145
  668    60. 146.   1   6.12621E-10  ND146
  669    60. 147.   1   1.77679E-16  ND147
  670    60. 148.   1   7.15848E-14  ND148
  671    60. 149.   1   3.25355E-22  ND149
  672    60. 150.   1   7.02232E-18  ND150
  673    60. 151.   1   2.99287E-27  ND151
  674    60. 152.   1   1.00000E-99  ND152
  675    61. 137.   1   1.00000E-99  PM137
  676    61. 138.   1   1.00000E-99  PM138
  677    61. 139.   1   1.00000E-99  PM139
  678    61. 140.   1   1.00000E-99  PM140
  679    61. 141.   1   1.00000E-99  PM141
  680    61. 142.   1   1.00000E-99  PM142
  681    61. 143.   1   1.00000E-99  PM143
  682    61. 144.   1   1.06278E-25  PM144
  683    61. 145.   1   6.13294E-18  PM145
  684    61. 146.   1   8.73885E-22  PM146
  685    61. 147.   1   2.50318E-14  PM147
  686    61. 148.   1   2.13065E-20  PM148
  687    61. 149.   1   5.27270E-21  PM149
  688    61. 150.   1   4.88831E-25  PM150
  689    61. 151.   1   3.46899E-26  PM151
  690    61. 152.   1   1.00000E-99  PM152
  691    61. 153.   1   1.00000E-99  PM153
  692    61. 154.   1   1.00000E-99  PM154
  693    62. 140.   1   1.00000E-99  SM140
  694    62. 141.   1   1.00000E-99  SM141
  695    62. 142.   1   1.00000E-99  SM142
  696    62. 143.   1   1.00000E-99  SM143
  697    62. 144.   1   1.36108E-15  SM144
  698    62. 145.   1   3.76719E-19  SM145
  699    62. 146.   1   7.71292E-17  SM146
  700    62. 147.   1   7.28197E-11  SM147
  701    62. 148.   1   2.21581E-10  SM148
  702    62. 149.   1   4.19207E-11  SM149
  703    62. 150.   1   1.27408E-10  SM150
  704    62. 151.   1   2.81734E-15  SM151
  705    62. 152.   1   1.11179E-12  SM152
  706    62. 153.   1   1.28719E-19  SM153
  707    62. 154.   1   5.09697E-15  SM154
  708    62. 155.   1   6.23806E-24  SM155
  709    62. 156.   1   1.00000E-99  SM156
  710    62. 157.   1   1.00000E-99  SM157
  711    62. 158.   1   1.00000E-99  SM158
  712    63. 143.   1   1.00000E-99  EU143
  713    63. 144.   1   1.00000E-99  EU144
  714    63. 145.   1   1.00000E-99  EU145
  715    63. 146.   1   1.00000E-99  EU146
  716    63. 147.   1   1.00000E-99  EU147
  717    63. 148.   1   1.00000E-99  EU148
  718    63. 149.   1   1.00000E-99  EU149
  719    63. 150.   1   1.00000E-99  EU150
  720    63. 151.   1   1.31280E-11  EU151
  721    63. 152.   1   1.50004E-18  EU152
  722    63. 153.   1   2.97738E-11  EU153
  723    63. 154.   1   6.36918E-18  EU154
  724    63. 155.   1   4.77045E-21  EU155
  725    63. 156.   1   1.00000E-99  EU156
  726    63. 157.   1   1.00000E-99  EU157
  727    63. 158.   1   1.00000E-99  EU158
  728    63. 159.   1   1.00000E-99  EU159
  729    64. 144.   1   1.00000E-99  GD144
  730    64. 145.   1   1.00000E-99  GD145
  731    64. 146.   1   1.00000E-99  GD146
  732    64. 147.   1   1.00000E-99  GD147
  733    64. 148.   1   1.00000E-99  GD148
  734    64. 149.   1   1.00000E-99  GD149
  735    64. 150.   1   7.56258E-26  GD150
  736    64. 151.   1   1.00000E-99  GD151
  737    64. 152.   1   5.18757E-11  GD152
  738    64. 153.   1   8.75204E-15  GD153
  739    64. 154.   1   4.75842E-11  GD154
  740    64. 155.   1   2.72172E-11  GD155
  741    64. 156.   1   7.73617E-11  GD156
  742    64. 157.   1   2.73489E-11  GD157
  743    64. 158.   1   8.11717E-11  GD158
  744    64. 159.   1   9.71589E-18  GD159
  745    64. 160.   1   2.46175E-16  GD160
  746    64. 161.   1   3.64442E-26  GD161
  747    64. 162.   1   1.00000E-99  GD162
  748    65. 147.   1   1.00000E-99  TB147
  749    65. 148.   1   1.00000E-99  TB148
  750    65. 149.   1   1.00000E-99  TB149
  751    65. 150.   1   1.00000E-99  TB150
  752    65. 151.   1   1.00000E-99  TB151
  753    65. 152.   1   1.00000E-99  TB152
  754    65. 153.   1   1.00000E-99  TB153
  755    65. 154.   1   1.00000E-99  TB154
  756    65. 155.   1   1.00000E-99  TB155
  757    65. 156.   1   1.00000E-99  TB156
  758    65. 157.   1   1.74733E-11  TB157
  759    65. 158.   1   2.45576E-16  TB158
  760    65. 159.   1   4.20579E-11  TB159
  761    65. 160.   1   2.28667E-18  TB160
  762    65. 161.   1   3.52350E-23  TB161
  763    65. 162.   1   1.00000E-99  TB162
  764    65. 163.   1   1.00000E-99  TB163
  765    65. 164.   1   1.00000E-99  TB164
  766    65. 165.   1   1.00000E-99  TB165
  767    66. 148.   1   1.00000E-99  DY148
  768    66. 149.   1   1.00000E-99  DY149
  769    66. 150.   1   1.00000E-99  DY150
  770    66. 151.   1   1.00000E-99  DY151
  771    66. 152.   1   1.00000E-99  DY152
  772    66. 153.   1   1.00000E-99  DY153
  773    66. 154.   1   1.00000E-99  DY154
  774    66. 155.   1   1.00000E-99  DY155
  775    66. 156.   1   1.00000E-99  DY156
  776    66. 157.   1   1.00000E-99  DY157
  777    66. 158.   1   2.29510E-11  DY158
  778    66. 159.   1   9.46514E-15  DY159
  779    66. 160.   1   5.68730E-11  DY160
  780    66. 161.   1   4.36090E-11  DY161
  781    66. 162.   1   1.15139E-10  DY162
  782    66. 163.   1   1.11686E-11  DY163
  783    66. 164.   1   5.14369E-11  DY164
  784    66. 165.   1   4.02742E-19  DY165
  785    66. 166.   1   4.08244E-26  DY166
  786    66. 167.   1   1.00000E-99  DY167
  787    66. 168.   1   1.00000E-99  DY168
  788    67. 153.   1   1.00000E-99  HO153
  789    67. 154.   1   1.00000E-99  HO154
  790    67. 155.   1   1.00000E-99  HO155
  791    67. 156.   1   1.00000E-99  HO156
  792    67. 157.   1   1.00000E-99  HO157
  793    67. 158.   1   1.00000E-99  HO158
  794    67. 159.   1   1.00000E-99  HO159
  795    67. 160.   1   1.00000E-99  HO160
  796    67. 161.   1   1.00000E-99  HO161
  797    67. 162.   1   1.00000E-99  HO162
  798    67. 163.   1   2.70513E-11  HO163
  799    67. 164.   1   1.54885E-18  HO164
  800    67. 165.   1   5.74771E-11  HO165
  801    67. 166.   1   1.13779E-17  HO166
  802    67. 167.   1   1.38702E-24  HO167
  803    67. 168.   1   1.00000E-99  HO168
  804    67. 169.   1   1.00000E-99  HO169
  805    68. 154.   1   1.00000E-99  ER154
  806    68. 155.   1   1.00000E-99  ER155
  807    68. 156.   1   1.00000E-99  ER156
  808    68. 157.   1   1.00000E-99  ER157
  809    68. 158.   1   1.00000E-99  ER158
  810    68. 159.   1   1.00000E-99  ER159
  811    68. 160.   1   1.00000E-99  ER160
  812    68. 161.   1   1.00000E-99  ER161
  813    68. 162.   1   1.00000E-99  ER162
  814    68. 163.   1   1.00000E-99  ER163
  815    68. 164.   1   3.76393E-11  ER164
  816    68. 165.   1   2.27331E-16  ER165
  817    68. 166.   1   9.12014E-11  ER166
  818    68. 167.   1   4.96932E-11  ER167
  819    68. 168.   1   1.54214E-10  ER168
  820    68. 169.   1   2.96864E-16  ER169
  821    68. 170.   1   4.83842E-13  ER170
  822    68. 171.   1   7.66802E-21  ER171
  823    68. 172.   1   1.00000E-99  ER172
  824    68. 173.   1   1.00000E-99  ER173
  825    68. 174.   1   1.00000E-99  ER174
  826    68. 175.   1   1.00000E-99  ER175
  827    69. 159.   1   1.00000E-99  TM159
  828    69. 160.   1   1.00000E-99  TM160
  829    69. 161.   1   1.00000E-99  TM161
  830    69. 162.   1   1.00000E-99  TM162
  831    69. 163.   1   1.00000E-99  TM163
  832    69. 164.   1   1.00000E-99  TM164
  833    69. 165.   1   1.00000E-99  TM165
  834    69. 166.   1   1.00000E-99  TM166
  835    69. 167.   1   1.00000E-99  TM167
  836    69. 168.   1   2.14107E-27  TM168
  837    69. 169.   1   3.02410E-11  TM169
  838    69. 170.   1   2.73511E-16  TM170
  839    69. 171.   1   3.70597E-18  TM171
  840    69. 172.   1   2.28040E-24  TM172
  841    69. 173.   1   1.00000E-99  TM173
  842    69. 174.   1   1.00000E-99  TM174
  843    69. 175.   1   1.00000E-99  TM175
  844    69. 176.   1   1.00000E-99  TM176
  845    70. 160.   1   1.00000E-99  YB160
  846    70. 161.   1   1.00000E-99  YB161
  847    70. 162.   1   1.00000E-99  YB162
  848    70. 163.   1   1.00000E-99  YB163
  849    70. 164.   1   1.00000E-99  YB164
  850    70. 165.   1   1.00000E-99  YB165
  851    70. 166.   1   1.00000E-99  YB166
  852    70. 167.   1   1.00000E-99  YB167
  853    70. 168.   1   3.16768E-27  YB168
  854    70. 169.   1   1.00000E-99  YB169
  855    70. 170.   1   6.41448E-11  YB170
  856    70. 171.   1   5.45975E-11  YB171
  857    70. 172.   1   1.47016E-10  YB172
  858    70. 173.   1   1.00121E-10  YB173
  859    70. 174.   1   3.46602E-10  YB174
  860    70. 175.   1   2.46471E-17  YB175
  861    70. 176.   1   2.66938E-13  YB176
  862    70. 177.   1   2.03496E-22  YB177
  863    70. 178.   1   1.00000E-99  YB178
  864    70. 179.   1   1.00000E-99  YB179
  865    70. 180.   1   1.00000E-99  YB180
  866    71. 165.   1   1.00000E-99  LU165
  867    71. 166.   1   1.00000E-99  LU166
  868    71. 167.   1   1.00000E-99  LU167
  869    71. 168.   1   1.00000E-99  LU168
  870    71. 169.   1   1.00000E-99  LU169
  871    71. 170.   1   1.00000E-99  LU170
  872    71. 171.   1   1.00000E-99  LU171
  873    71. 172.   1   1.00000E-99  LU172
  874    71. 173.   1   1.00000E-99  LU173
  875    71. 174.   1   1.54086E-26  LU174
  876    71. 175.   1   5.89779E-11  LU175
  877    71. 176.   1   2.14184E-17  LU176
  878    71. 177.   1   7.89276E-21  LU177
  879    71. 178.   1   1.00000E-99  LU178
  880    71. 179.   1   1.00000E-99  LU179
  881    71. 180.   1   1.00000E-99  LU180
  882    71. 181.   1   1.00000E-99  LU181
  883    71. 182.   1   1.00000E-99  LU182
  884    72. 166.   1   1.00000E-99  HF166
  885    72. 167.   1   1.00000E-99  HF167
  886    72. 168.   1   1.00000E-99  HF168
  887    72. 169.   1   1.00000E-99  HF169
  888    72. 170.   1   1.00000E-99  HF170
  889    72. 171.   1   1.00000E-99  HF171
  890    72. 172.   1   1.00000E-99  HF172
  891    72. 173.   1   1.00000E-99  HF173
  892    72. 174.   1   2.63611E-26  HF174
  893    72. 175.   1   1.00000E-99  HF175
  894    72. 176.   1   7.50490E-11  HF176
  895    72. 177.   1   4.30400E-11  HF177
  896    72. 178.   1   1.55014E-10  HF178
  897    72. 179.   1   3.13546E-12  HF179
  898    72. 180.   1   9.33384E-11  HF180
  899    72. 181.   1   3.22380E-18  HF181
  900    72. 182.   1   2.04002E-22  HF182
  901    72. 183.   1   1.00000E-99  HF183
  902    72. 184.   1   1.00000E-99  HF184
  903    72. 185.   1   1.00000E-99  HF185
  904    73. 169.   1   1.00000E-99  TA169
  905    73. 170.   1   1.00000E-99  TA170
  906    73. 171.   1   1.00000E-99  TA171
  907    73. 172.   1   1.00000E-99  TA172
  908    73. 173.   1   1.00000E-99  TA173
  909    73. 174.   1   1.00000E-99  TA174
  910    73. 175.   1   1.00000E-99  TA175
  911    73. 176.   1   1.00000E-99  TA176
  912    73. 177.   1   1.00000E-99  TA177
  913    73. 178.   1   1.00000E-99  TA178
  914    73. 179.   1   4.57094E-11  TA179
  915    73. 180.   1   7.34017E-17  TA180
  916    73. 181.   1   9.65786E-11  TA181
  917    73. 182.   1   4.48748E-16  TA182
  918    73. 183.   1   4.70234E-22  TA183
  919    73. 184.   1   1.00000E-99  TA184
  920    73. 185.   1   1.00000E-99  TA185
  921    73. 186.   1   1.00000E-99  TA186
  922    74. 172.   1   1.00000E-99  W 172
  923    74. 173.   1   1.00000E-99  W 173
  924    74. 174.   1   1.00000E-99  W 174
  925    74. 175.   1   1.00000E-99  W 175
  926    74. 176.   1   1.00000E-99  W 176
  927    74. 177.   1   1.00000E-99  W 177
  928    74. 178.   1   1.00000E-99  W 178
  929    74. 179.   1   1.00000E-99  W 179
  930    74. 180.   1   5.48531E-11  W 180
  931    74. 181.   1   2.23531E-14  W 181
  932    74. 182.   1   1.81959E-10  W 182
  933    74. 183.   1   1.18837E-10  W 183
  934    74. 184.   1   2.43016E-10  W 184
  935    74. 185.   1   7.28001E-16  W 185
  936    74. 186.   1   6.74121E-13  W 186
  937    74. 187.   1   4.17710E-20  W 187
  938    74. 188.   1   8.10563E-26  W 188
  939    74. 189.   1   1.00000E-99  W 189
  940    74. 190.   1   1.00000E-99  W 190
  941    75. 175.   1   1.00000E-99  RE175
  942    75. 176.   1   1.00000E-99  RE176
  943    75. 177.   1   1.00000E-99  RE177
  944    75. 178.   1   1.00000E-99  RE178
  945    75. 179.   1   1.00000E-99  RE179
  946    75. 180.   1   1.00000E-99  RE180
  947    75. 181.   1   1.00000E-99  RE181
  948    75. 182.   1   1.00000E-99  RE182
  949    75. 183.   1   1.00000E-99  RE183
  950    75. 184.   1   7.20791E-26  RE184
  951    75. 185.   1   3.97777E-11  RE185
  952    75. 186.   1   7.31365E-17  RE186
  953    75. 187.   1   3.27274E-13  RE187
  954    75. 188.   1   5.66619E-20  RE188
  955    75. 189.   1   2.12155E-26  RE189
  956    75. 190.   1   1.00000E-99  RE190
  957    75. 191.   1   1.00000E-99  RE191
  958    76. 179.   1   1.00000E-99  OS179
  959    76. 180.   1   1.00000E-99  OS180
  960    76. 181.   1   1.00000E-99  OS181
  961    76. 182.   1   1.00000E-99  OS182
  962    76. 183.   1   1.00000E-99  OS183
  963    76. 184.   1   1.30709E-25  OS184
  964    76. 185.   1   1.00000E-99  OS185
  965    76. 186.   1   1.19491E-10  OS186
  966    76. 187.   1   6.33724E-11  OS187
  967    76. 188.   1   1.69588E-10  OS188
  968    76. 189.   1   6.11302E-11  OS189
  969    76. 190.   1   2.13742E-10  OS190
  970    76. 191.   1   5.96625E-17  OS191
  971    76. 192.   1   2.64557E-12  OS192
  972    76. 193.   1   2.50239E-19  OS193
  973    76. 194.   1   1.17312E-24  OS194
  974    76. 195.   1   1.00000E-99  OS195
  975    76. 196.   1   1.00000E-99  OS196
  976    77. 181.   1   1.00000E-99  IR181
  977    77. 182.   1   1.00000E-99  IR182
  978    77. 183.   1   1.00000E-99  IR183
  979    77. 184.   1   1.00000E-99  IR184
  980    77. 185.   1   1.00000E-99  IR185
  981    77. 186.   1   1.00000E-99  IR186
  982    77. 187.   1   1.00000E-99  IR187
  983    77. 188.   1   1.00000E-99  IR188
  984    77. 189.   1   1.00000E-99  IR189
  985    77. 190.   1   1.00000E-99  IR190
  986    77. 191.   1   4.96674E-11  IR191
  987    77. 192.   1   8.24761E-16  IR192
  988    77. 193.   1   1.36218E-11  IR193
  989    77. 194.   1   1.77666E-18  IR194
  990    77. 195.   1   4.59334E-26  IR195
  991    77. 196.   1   1.00000E-99  IR196
  992    77. 197.   1   1.00000E-99  IR197
  993    78. 184.   1   1.00000E-99  PT184
  994    78. 185.   1   1.00000E-99  PT185
  995    78. 186.   1   1.00000E-99  PT186
  996    78. 187.   1   1.00000E-99  PT187
  997    78. 188.   1   1.00000E-99  PT188
  998    78. 189.   1   1.00000E-99  PT189
  999    78. 190.   1   1.00000E-99  PT190
 1000    78. 191.   1   1.00000E-99  PT191
 1001    78. 192.   1   9.87078E-11  PT192
 1002    78. 193.   1   3.74764E-11  PT193
 1003    78. 194.   1   1.73896E-10  PT194
 1004    78. 195.   1   8.47826E-11  PT195
 1005    78. 196.   1   3.63557E-10  PT196
 1006    78. 197.   1   1.50617E-17  PT197
 1007    78. 198.   1   2.64157E-13  PT198
 1008    78. 199.   1   1.78193E-22  PT199
 1009    78. 200.   1   1.00000E-99  PT200
 1010    78. 201.   1   1.00000E-99  PT201
 1011    78. 202.   1   1.00000E-99  PT202
 1012    79. 185.   1   1.00000E-99  AU185
 1013    79. 186.   1   1.00000E-99  AU186
 1014    79. 187.   1   1.00000E-99  AU187
 1015    79. 188.   1   1.00000E-99  AU188
 1016    79. 189.   1   1.00000E-99  AU189
 1017    79. 190.   1   1.00000E-99  AU190
 1018    79. 191.   1   1.00000E-99  AU191
 1019    79. 192.   1   1.00000E-99  AU192
 1020    79. 193.   1   1.00000E-99  AU193
 1021    79. 194.   1   1.00000E-99  AU194
 1022    79. 195.   1   3.89716E-12  AU195
 1023    79. 196.   1   4.82904E-17  AU196
 1024    79. 197.   1   1.52411E-10  AU197
 1025    79. 198.   1   6.72081E-18  AU198
 1026    79. 199.   1   9.76506E-21  AU199
 1027    79. 200.   1   1.00000E-99  AU200
 1028    79. 201.   1   1.00000E-99  AU201
 1029    79. 202.   1   1.00000E-99  AU202
 1030    79. 203.   1   1.00000E-99  AU203
 1031    80. 189.   1   1.00000E-99  HG189
 1032    80. 190.   1   1.00000E-99  HG190
 1033    80. 191.   1   1.00000E-99  HG191
 1034    80. 192.   1   1.00000E-99  HG192
 1035    80. 193.   1   1.00000E-99  HG193
 1036    80. 194.   1   1.00000E-99  HG194
 1037    80. 195.   1   1.00000E-99  HG195
 1038    80. 196.   1   1.16584E-11  HG196
 1039    80. 197.   1   2.83150E-17  HG197
 1040    80. 198.   1   4.03439E-10  HG198
 1041    80. 199.   1   2.35335E-10  HG199
 1042    80. 200.   1   7.41629E-10  HG200
 1043    80. 201.   1   4.94066E-10  HG201
 1044    80. 202.   1   1.92399E-09  HG202
 1045    80. 203.   1   1.89100E-17  HG203
 1046    80. 204.   1   6.20195E-12  HG204
 1047    80. 205.   1   3.34230E-22  HG205
 1048    80. 206.   1   1.00000E-99  HG206
 1049    80. 207.   1   1.00000E-99  HG207
 1050    80. 208.   1   1.00000E-99  HG208
 1051    81. 192.   1   1.00000E-99  TL192
 1052    81. 193.   1   1.00000E-99  TL193
 1053    81. 194.   1   1.00000E-99  TL194
 1054    81. 195.   1   1.00000E-99  TL195
 1055    81. 196.   1   1.00000E-99  TL196
 1056    81. 197.   1   1.00000E-99  TL197
 1057    81. 198.   1   1.00000E-99  TL198
 1058    81. 199.   1   1.00000E-99  TL199
 1059    81. 200.   1   1.00000E-99  TL200
 1060    81. 201.   1   1.00000E-99  TL201
 1061    81. 202.   1   1.00000E-99  TL202
 1062    81. 203.   1   1.82607E-09  TL203
 1063    81. 204.   1   1.02637E-17  TL204
 1064    81. 205.   1   1.68376E-09  TL205
 1065    81. 206.   1   2.11749E-09  TL206
 1066    81. 207.   1   4.06166E-09  TL207
 1067    81. 208.   1   4.91153E-21  TL208
 1068    81. 209.   1   1.00000E-99  TL209
 1069    81. 210.   1   1.00000E-99  TL210
 1070    82. 193.   1   1.00000E-99  PB193
 1071    82. 194.   1   1.00000E-99  PB194
 1072    82. 195.   1   1.00000E-99  PB195
 1073    82. 196.   1   1.00000E-99  PB196
 1074    82. 197.   1   1.00000E-99  PB197
 1075    82. 198.   1   1.00000E-99  PB198
 1076    82. 199.   1   1.00000E-99  PB199
 1077    82. 200.   1   1.00000E-99  PB200
 1078    82. 201.   1   1.00000E-99  PB201
 1079    82. 202.   1   1.00000E-99  PB202
 1080    82. 203.   1   1.00000E-99  PB203
 1081    82. 204.   1   2.05777E-09  PB204
 1082    82. 205.   1   2.06056E-08  PB205
 1083    82. 208.   1   5.31623E-09  PB208
 1084    82. 209.   1   1.37682E-19  PB209
 1085    82. 210.   1   1.56543E-27  PB210
 1086    82. 211.   1   1.00000E-99  PB211
 1087    83. 202.   1   1.00000E-99  BI202
 1088    83. 203.   1   1.00000E-99  BI203
 1089    83. 204.   1   1.00000E-99  BI204
 1090    83. 205.   1   1.00000E-99  BI205
 1091    83. 206.   1   1.28289E-26  BI206
 1092    83. 207.   1   1.72307E-26  BI207
 1093    83. 208.   1   6.05412E-25  BI208
 1094    83. 209.   1   8.78251E-10  BI209
 1095    83. 210.   1   2.53412E-10  BI210
 1096    13.  26.   2   1.00000E-99  AL*26
 1097    36.  85.   2   1.00000E-99  KR*85
 1098    48. 115.   2   1.00000E-99  CD*15
 1099    71. 176.   2   1.00000E-99  LU*76
 1100    73. 180.   2   1.00000E-99  TAg80
