H NUM     Z    A ISOM  ABUNDANCE_MF  ISOTP
 # mod      502 dzeit  7.92E-03 agej  4.5325E+00
 # t9 =    2.103E+00 rho =    3.194E+07
 # densn  6.18657E+11
 # densp  1.65202E+13
 # densa  3.58003E+15
 # total_energy_flux_[erg/(g*s)]  0.00000E+00
    1     0.   1.   1   3.21671E-20  NEUT 
    2     1.   1.   1   8.58970E-19  PROT 
    3     1.   2.   1   1.00000E-99  H   2
    4     2.   3.   1   6.03467E-25  HE  3
    5     2.   4.   1   7.44577E-16  HE  4
    6     4.   7.   1   1.00000E-99  BE  7
    7     5.   8.   1   1.00000E-99  B   8
    8     3.   7.   1   1.00000E-99  LI  7
    9     6.  11.   1   1.21227E-19  C  11
   10     5.  11.   1   3.43252E-09  B  11
   11     6.  12.   1   1.71904E-09  C  12
   12     6.  13.   1   2.35022E-18  C  13
   13     7.  13.   1   9.41311E-26  N  13
   14     7.  14.   1   1.54613E-17  N  14
   15     6.  14.   1   1.86728E-16  C  14
   16     7.  15.   1   5.83213E-15  N  15
   17     8.  16.   1   6.38686E-04  O  16
   18     8.  17.   1   4.78871E-16  O  17
   19     8.  18.   1   4.87317E-20  O  18
   20     9.  17.   1   6.13968E-23  F  17
   21     9.  18.   1   3.04533E-25  F  18
   22     9.  19.   1   5.64179E-24  F  19
   23    10.  20.   1   7.50123E-12  NE 20
   24    10.  21.   1   2.16732E-16  NE 21
   25    10.  22.   1   4.55103E-11  NE 22
   26    11.  22.   1   1.28708E-17  NA 22
   27    11.  23.   1   4.30823E-10  NA 23
   28    12.  23.   1   2.30335E-15  MG 23
   29    12.  24.   1   1.00793E-03  MG 24
   30    12.  25.   1   3.66853E-08  MG 25
   31    12.  26.   1   6.70429E-06  MG 26
   32    13.  26.   1   3.05155E-14  AL 26
   33    13.  27.   1   5.20981E-06  AL 27
   34    14.  27.   1   1.65935E-12  SI 27
   35    14.  28.   1   2.99946E-01  SI 28
   36    14.  29.   1   2.55295E-03  SI 29
   37    14.  30.   1   4.19972E-01  SI 30
   38    15.  31.   1   1.59534E-04  P  31
   39    16.  31.   1   1.18338E-11  S  31
   46     4.   8.   1   1.00000E-99  BE  8
   47     8.  14.   1   1.00000E-99  O  14
   48     8.  15.   1   4.34216E-23  O  15
   49    11.  21.   1   1.40318E-26  NA 21
   50    13.  25.   1   1.02176E-18  AL 25
   51    15.  29.   1   1.41902E-15  P  29
   52    15.  30.   1   6.22724E-11  P  30
   58     9.  20.   1   1.00000E-99  F  20
   59    10.  19.   1   1.00000E-99  NE 19
   60    11.  24.   1   8.14350E-16  NA 24
   61    12.  27.   1   1.57725E-12  MG 27
   62    12.  28.   1   8.54680E-14  MG 28
   63    13.  28.   1   5.53612E-10  AL 28
   64    13.  29.   1   7.93636E-10  AL 29
   65    14.  31.   1   9.30320E-07  SI 31
   66    14.  32.   1   8.95621E-08  SI 32
   67    15.  32.   1   1.13416E-07  P  32
   68    15.  33.   1   1.89158E-04  P  33
   69    15.  34.   1   7.17011E-12  P  34
   70    15.  35.   1   9.38056E-15  P  35
   71    16.  32.   1   5.80794E-04  S  32
   72    16.  33.   1   1.78382E-05  S  33
   73    16.  34.   1   2.68480E-01  S  34
   74    16.  35.   1   1.33671E-06  S  35
   75    16.  36.   1   6.89772E-06  S  36
   76    16.  37.   1   2.82918E-17  S  37
   77    16.  38.   1   4.30878E-21  S  38
   78    17.  34.   1   1.85339E-14  CL 34
   79    17.  35.   1   8.42048E-07  CL 35
   80    17.  36.   1   1.87364E-08  CL 36
   81    17.  37.   1   3.93989E-06  CL 37
   82    17.  38.   1   1.09865E-13  CL 38
   83    17.  39.   1   4.88773E-17  CL 39
   84    17.  40.   1   1.03650E-25  CL 40
   85    18.  35.   1   6.28816E-22  AR 35
   86    18.  36.   1   7.88033E-08  AR 36
   87    18.  37.   1   4.72226E-09  AR 37
   88    18.  38.   1   4.82421E-03  AR 38
   89    18.  39.   1   6.17584E-09  AR 39
   90    18.  40.   1   7.78360E-09  AR 40
   91    18.  41.   1   6.11629E-16  AR 41
   92    18.  42.   1   6.85238E-17  AR 42
   93    18.  43.   1   1.72788E-25  AR 43
   94    18.  44.   1   4.17215E-27  AR 44
   95    19.  38.   1   1.19591E-17  K  38
   96    19.  39.   1   2.41170E-08  K  39
   97    19.  40.   1   1.10737E-11  K  40
   98    19.  41.   1   1.34813E-10  K  41
   99    19.  42.   1   1.13002E-14  K  42
  100    19.  43.   1   1.96581E-13  K  43
  101    19.  44.   1   2.23708E-18  K  44
  102    19.  45.   1   2.06299E-19  K  45
  103    19.  46.   1   1.51206E-25  K  46
  104    20.  39.   1   1.12259E-25  CA 39
  105    20.  40.   1   1.86589E-09  CA 40
  106    20.  41.   1   2.89931E-11  CA 41
  107    20.  42.   1   3.38097E-07  CA 42
  108    20.  43.   1   8.64976E-10  CA 43
  109    20.  44.   1   2.78886E-05  CA 44
  110    20.  45.   1   3.21908E-09  CA 45
  111    20.  46.   1   2.69760E-08  CA 46
  112    20.  47.   1   1.48579E-12  CA 47
  113    20.  48.   1   1.93227E-12  CA 48
  114    20.  49.   1   4.10423E-22  CA 49
  115    21.  43.   1   1.14425E-15  SC 43
  116    21.  44.   1   1.09264E-14  SC 44
  117    21.  45.   1   6.81596E-09  SC 45
  118    21.  46.   1   1.47499E-10  SC 46
  119    21.  47.   1   3.60768E-08  SC 47
  120    21.  48.   1   9.08111E-11  SC 48
  121    21.  49.   1   3.16450E-11  SC 49
  122    21.  50.   1   2.56424E-19  SC 50
  123    22.  44.   1   1.00491E-16  TI 44
  124    22.  45.   1   1.31541E-15  TI 45
  125    22.  46.   1   3.12171E-09  TI 46
  126    22.  47.   1   6.08511E-10  TI 47
  127    22.  48.   1   2.63532E-06  TI 48
  128    22.  49.   1   1.67620E-08  TI 49
  129    22.  50.   1   1.87717E-06  TI 50
  130    22.  51.   1   3.57133E-13  TI 51
  131    22.  52.   1   1.46457E-16  TI 52
  132    23.  47.   1   5.95164E-17  V  47
  133    23.  48.   1   5.98907E-15  V  48
  134    23.  49.   1   3.06684E-10  V  49
  135    23.  50.   1   6.33351E-11  V  50
  136    23.  51.   1   3.78067E-07  V  51
  137    23.  52.   1   9.36427E-12  V  52
  138    23.  53.   1   1.26241E-14  V  53
  139    24.  48.   1   3.82357E-22  CR 48
  140    24.  49.   1   1.74568E-18  CR 49
  141    24.  50.   1   7.26514E-12  CR 50
  142    24.  51.   1   6.25361E-11  CR 51
  143    24.  52.   1   1.99305E-05  CR 52
  144    24.  53.   1   2.04452E-08  CR 53
  145    24.  54.   1   1.64815E-07  CR 54
  146    24.  55.   1   2.19518E-14  CR 55
  147    24.  56.   1   4.75172E-15  CR 56
  148    25.  51.   1   1.59927E-19  MN 51
  149    25.  52.   1   2.92322E-16  MN 52
  150    25.  53.   1   8.29169E-10  MN 53
  151    25.  54.   1   3.33340E-09  MN 54
  152    25.  55.   1   2.14485E-06  MN 55
  153    25.  56.   1   1.77164E-11  MN 56
  154    25.  57.   1   3.57221E-12  MN 57
  155    26.  52.   1   7.78505E-25  FE 52
  156    26.  53.   1   3.21571E-20  FE 53
  157    26.  54.   1   8.02364E-09  FE 54
  158    26.  55.   1   2.05614E-08  FE 55
  159    26.  56.   1   4.61626E-04  FE 56
  160    26.  57.   1   2.02621E-07  FE 57
  161    26.  58.   1   6.87545E-06  FE 58
  162    26.  59.   1   5.08494E-12  FE 59
  163    26.  60.   1   1.21378E-12  FE 60
  164    26.  61.   1   1.12605E-20  FE 61
  165    27.  55.   1   6.05248E-17  CO 55
  166    27.  56.   1   4.45799E-15  CO 56
  167    27.  57.   1   7.19396E-10  CO 57
  168    27.  58.   1   1.10854E-10  CO 58
  169    27.  59.   1   1.61680E-06  CO 59
  170    27.  60.   1   3.82474E-10  CO 60
  171    27.  61.   1   1.07931E-07  CO 61
  172    27.  62.   1   8.05455E-15  CO 62
  173    27.  63.   1   3.39198E-18  CO 63
  174    28.  56.   1   9.21078E-23  NI 56
  175    28.  57.   1   1.59637E-17  NI 57
  176    28.  58.   1   6.42123E-09  NI 58
  177    28.  59.   1   5.52826E-09  NI 59
  178    28.  60.   1   9.99872E-04  NI 60
  179    28.  61.   1   8.32436E-07  NI 61
  180    28.  62.   1   6.20459E-05  NI 62
  181    28.  63.   1   5.84995E-11  NI 63
  182    28.  64.   1   5.99013E-10  NI 64
  183    28.  65.   1   5.46338E-17  NI 65
  184    28.  66.   1   5.31860E-19  NI 66
  185    28.  67.   1   1.47804E-27  NI 67
  186    28.  68.   1   1.00000E-99  NI 68
  187    29.  60.   1   4.13231E-19  CU 60
  188    29.  61.   1   9.38027E-13  CU 61
  189    29.  62.   1   4.90507E-14  CU 62
  190    29.  63.   1   8.24828E-11  CU 63
  191    29.  64.   1   5.00403E-14  CU 64
  192    29.  65.   1   2.56075E-10  CU 65
  193    29.  66.   1   6.46147E-16  CU 66
  194    29.  67.   1   3.38680E-16  CU 67
  195    29.  68.   1   6.06830E-24  CU 68
  196    29.  69.   1   2.90540E-26  CU 69
  197    29.  70.   1   1.00000E-99  CU 70
  198    29.  71.   1   1.00000E-99  CU 71
  199    30.  62.   1   2.31806E-19  ZN 62
  200    30.  63.   1   1.82315E-19  ZN 63
  201    30.  64.   1   4.72357E-12  ZN 64
  202    30.  65.   1   3.79217E-13  ZN 65
  203    30.  66.   1   9.46833E-08  ZN 66
  204    30.  67.   1   2.04870E-12  ZN 67
  205    30.  68.   1   4.51077E-08  ZN 68
  206    30.  69.   1   7.19941E-15  ZN 69
  207    30.  70.   1   1.41259E-15  ZN 70
  208    30.  71.   1   2.60143E-23  ZN 71
  209    30.  72.   1   1.90249E-25  ZN 72
  210    30.  73.   1   1.00000E-99  ZN 73
  211    30.  74.   1   1.00000E-99  ZN 74
  212    31.  65.   1   7.18435E-23  GA 65
  213    31.  66.   1   5.93306E-22  GA 66
  214    31.  67.   1   1.66702E-15  GA 67
  215    31.  68.   1   1.95133E-16  GA 68
  216    31.  69.   1   7.24122E-12  GA 69
  217    31.  70.   1   4.14624E-16  GA 70
  218    31.  71.   1   7.89145E-13  GA 71
  219    31.  72.   1   3.82948E-19  GA 72
  220    31.  73.   1   8.35410E-20  GA 73
  221    31.  74.   1   1.14950E-26  GA 74
  222    31.  75.   1   1.00000E-99  GA 75
  223    32.  66.   1   1.97232E-26  GE 66
  224    32.  67.   1   6.70703E-23  GE 67
  225    32.  68.   1   1.70030E-13  GE 68
  226    32.  69.   1   2.17894E-14  GE 69
  227    32.  70.   1   1.65051E-08  GE 70
  228    32.  71.   1   2.79073E-12  GE 71
  229    32.  72.   1   1.93651E-06  GE 72
  230    32.  73.   1   8.45436E-12  GE 73
  231    32.  74.   1   9.17547E-11  GE 74
  232    32.  75.   1   7.23168E-17  GE 75
  233    32.  76.   1   4.65121E-18  GE 76
  234    32.  77.   1   2.07456E-25  GE 77
  235    32.  78.   1   1.00000E-99  GE 78
  236    33.  69.   1   1.03157E-25  AS 69
  237    33.  70.   1   1.85367E-23  AS 70
  238    33.  71.   1   1.59350E-17  AS 71
  239    33.  72.   1   7.72198E-18  AS 72
  240    33.  73.   1   2.82848E-13  AS 73
  241    33.  74.   1   1.80522E-15  AS 74
  242    33.  75.   1   1.77121E-11  AS 75
  243    33.  76.   1   1.16588E-16  AS 76
  244    33.  77.   1   7.31150E-16  AS 77
  245    33.  78.   1   4.66346E-22  AS 78
  246    33.  79.   1   3.13226E-23  AS 79
  247    33.  80.   1   1.00000E-99  AS 80
  248    33.  81.   1   1.00000E-99  AS 81
  249    34.  72.   1   1.16516E-13  SE 72
  250    34.  73.   1   4.72015E-14  SE 73
  251    34.  74.   1   5.54279E-08  SE 74
  252    34.  75.   1   3.61737E-10  SE 75
  253    34.  76.   1   2.06113E-06  SE 76
  254    34.  77.   1   6.07966E-11  SE 77
  255    34.  78.   1   1.17435E-07  SE 78
  256    34.  79.   1   1.98224E-12  SE 79
  257    34.  80.   1   1.86618E-12  SE 80
  258    34.  81.   1   4.30240E-18  SE 81
  259    34.  82.   1   6.60748E-19  SE 82
  260    34.  83.   1   1.38172E-26  SE 83
  261    34.  84.   1   1.00000E-99  SE 84
  262    35.  74.   1   1.09785E-25  BR 74
  263    35.  75.   1   8.80703E-18  BR 75
  264    35.  76.   1   7.88628E-18  BR 76
  265    35.  77.   1   2.32420E-13  BR 77
  266    35.  78.   1   1.13246E-15  BR 78
  267    35.  79.   1   3.54179E-11  BR 79
  268    35.  80.   1   2.14556E-14  BR 80
  269    35.  81.   1   1.01939E-11  BR 81
  270    35.  82.   1   7.25448E-16  BR 82
  271    35.  83.   1   1.87500E-16  BR 83
  272    35.  84.   1   1.50831E-22  BR 84
  273    35.  85.   1   5.71311E-25  BR 85
  274    35.  86.   1   1.00000E-99  BR 86
  275    35.  87.   1   1.00000E-99  BR 87
  276    36.  76.   1   5.57285E-15  KR 76
  277    36.  77.   1   2.82708E-14  KR 77
  278    36.  78.   1   2.95951E-08  KR 78
  279    36.  79.   1   8.87170E-10  KR 79
  280    36.  80.   1   6.98617E-06  KR 80
  281    36.  81.   1   8.94388E-09  KR 81
  282    36.  82.   1   1.76744E-06  KR 82
  283    36.  83.   1   5.52032E-10  KR 83
  284    36.  84.   1   9.19789E-09  KR 84
  285    36.  85.   1   2.57203E-13  KR 85
  286    36.  86.   1   2.27282E-13  KR 86
  287    36.  87.   1   1.21440E-21  KR 87
  288    36.  88.   1   1.00000E-99  KR 88
  289    36.  89.   1   1.00000E-99  KR 89
  290    36.  90.   1   1.00000E-99  KR 90
  291    37.  79.   1   1.00376E-18  RB 79
  292    37.  80.   1   4.40075E-19  RB 80
  293    37.  81.   1   3.48061E-14  RB 81
  294    37.  82.   1   2.22942E-16  RB 82
  295    37.  83.   1   1.93149E-12  RB 83
  296    37.  84.   1   1.49318E-14  RB 84
  297    37.  85.   1   8.48849E-12  RB 85
  298    37.  86.   1   9.20040E-14  RB 86
  299    37.  87.   1   1.65092E-12  RB 87
  300    37.  88.   1   5.45825E-20  RB 88
  301    37.  89.   1   1.18978E-25  RB 89
  302    37.  90.   1   1.00000E-99  RB 90
  303    37.  91.   1   1.00000E-99  RB 91
  304    38.  80.   1   2.03958E-24  SR 80
  305    38.  81.   1   6.14957E-23  SR 81
  306    38.  82.   1   9.07510E-15  SR 82
  307    38.  83.   1   4.03901E-15  SR 83
  308    38.  84.   1   2.05452E-10  SR 84
  309    38.  85.   1   2.02526E-11  SR 85
  310    38.  86.   1   1.19633E-07  SR 86
  311    38.  87.   1   4.25198E-09  SR 87
  312    38.  88.   1   2.54368E-06  SR 88
  313    38.  89.   1   6.35047E-13  SR 89
  314    38.  90.   1   1.23510E-17  SR 90
  315    38.  91.   1   1.28536E-25  SR 91
  316    38.  92.   1   1.00000E-99  SR 92
  317    38.  93.   1   1.00000E-99  SR 93
  318    38.  94.   1   1.00000E-99  SR 94
  319    39.  85.   1   1.19063E-19  Y  85
  320    39.  86.   1   4.26044E-19  Y  86
  321    39.  87.   1   1.42938E-14  Y  87
  322    39.  88.   1   8.00347E-14  Y  88
  323    39.  89.   1   9.59012E-10  Y  89
  324    39.  90.   1   1.44932E-15  Y  90
  325    39.  91.   1   8.73858E-20  Y  91
  326    39.  92.   1   1.96758E-26  Y  92
  327    39.  93.   1   1.00000E-99  Y  93
  328    39.  94.   1   1.00000E-99  Y  94
  329    39.  95.   1   1.00000E-99  Y  95
  330    39.  96.   1   1.00000E-99  Y  96
  331    40.  86.   1   2.06843E-20  ZR 86
  332    40.  87.   1   6.22191E-19  ZR 87
  333    40.  88.   1   6.32309E-13  ZR 88
  334    40.  89.   1   2.35769E-12  ZR 89
  335    40.  90.   1   2.14052E-07  ZR 90
  336    40.  91.   1   4.42176E-12  ZR 91
  337    40.  92.   1   7.80393E-15  ZR 92
  338    40.  93.   1   2.03970E-20  ZR 93
  339    40.  94.   1   4.25130E-24  ZR 94
  340    40.  95.   1   1.00000E-99  ZR 95
  341    40.  96.   1   1.00000E-99  ZR 96
  342    40.  97.   1   1.00000E-99  ZR 97
  343    40.  98.   1   1.00000E-99  ZR 98
  344    41.  89.   1   1.42991E-22  NB 89
  345    41.  90.   1   1.10748E-20  NB 90
  346    41.  91.   1   3.85988E-15  NB 91
  347    41.  92.   1   1.14949E-18  NB 92
  348    41.  93.   1   1.48420E-20  NB 93
  349    41.  94.   1   8.81448E-26  NB 94
  350    41.  95.   1   1.00000E-99  NB 95
  351    41.  96.   1   1.00000E-99  NB 96
  352    41.  97.   1   1.00000E-99  NB 97
  353    41.  98.   1   1.00000E-99  NB 98
  354    41.  99.   1   1.00000E-99  NB 99
  355    42.  90.   1   7.19196E-26  MO 90
  356    42.  91.   1   5.82536E-23  MO 91
  357    42.  92.   1   1.65894E-15  MO 92
  358    42.  93.   1   5.34886E-18  MO 93
  359    42.  94.   1   1.09278E-17  MO 94
  360    42.  95.   1   8.58823E-22  MO 95
  361    42.  96.   1   7.21780E-22  MO 96
  362    42.  97.   1   2.43955E-27  MO 97
  363    42.  98.   1   1.00000E-99  MO 98
  364    42.  99.   1   1.00000E-99  MO 99
  365    42. 100.   1   1.00000E-99  MO100
  366    42. 101.   1   1.00000E-99  MO101
  367    42. 102.   1   1.00000E-99  MO102
  368    43.  93.   1   3.15439E-24  TC 93
  369    43.  94.   1   3.50366E-23  TC 94
  370    43.  95.   1   3.98954E-21  TC 95
  371    43.  96.   1   2.04278E-23  TC 96
  372    43.  97.   1   4.33296E-21  TC 97
  373    43.  98.   1   2.74872E-26  TC 98
  374    43.  99.   1   1.75409E-27  TC 99
  375    43. 100.   1   1.00000E-99  TC100
  376    43. 101.   1   1.00000E-99  TC101
  377    43. 102.   1   1.00000E-99  TC102
  378    43. 103.   1   1.00000E-99  TC103
  379    43. 104.   1   1.00000E-99  TC104
  380    43. 105.   1   1.00000E-99  TC105
  381    44.  94.   1   5.65729E-21  RU 94
  382    44.  95.   1   5.48988E-20  RU 95
  383    44.  96.   1   3.25503E-17  RU 96
  384    44.  97.   1   5.25433E-19  RU 97
  385    44.  98.   1   2.54358E-16  RU 98
  386    44.  99.   1   4.90223E-20  RU 99
  387    44. 100.   1   1.29112E-18  RU100
  388    44. 101.   1   7.52384E-24  RU101
  389    44. 102.   1   1.04528E-25  RU102
  390    44. 103.   1   1.00000E-99  RU103
  391    44. 104.   1   1.00000E-99  RU104
  392    44. 105.   1   1.00000E-99  RU105
  393    44. 106.   1   1.00000E-99  RU106
  394    45.  98.   1   4.84158E-25  RH 98
  395    45.  99.   1   9.81028E-21  RH 99
  396    45. 100.   1   7.50199E-22  RH100
  397    45. 101.   1   2.66182E-18  RH101
  398    45. 102.   1   7.76367E-23  RH102
  399    45. 103.   1   6.78389E-23  RH103
  400    45. 104.   1   1.00000E-99  RH104
  401    45. 105.   1   1.00000E-99  RH105
  402    45. 106.   1   1.00000E-99  RH106
  403    45. 107.   1   1.00000E-99  RH107
  404    45. 108.   1   1.00000E-99  RH108
  405    46.  99.   1   3.43132E-21  PD 99
  406    46. 100.   1   2.80700E-17  PD100
  407    46. 101.   1   8.20907E-19  PD101
  408    46. 102.   1   1.32617E-15  PD102
  409    46. 103.   1   1.43617E-18  PD103
  410    46. 104.   1   9.23081E-18  PD104
  411    46. 105.   1   2.30296E-22  PD105
  412    46. 106.   1   1.32245E-21  PD106
  413    46. 107.   1   3.80953E-27  PD107
  414    46. 108.   1   1.00000E-99  PD108
  415    46. 109.   1   1.00000E-99  PD109
  416    46. 110.   1   1.00000E-99  PD110
  417    46. 111.   1   1.00000E-99  PD111
  418    46. 112.   1   1.00000E-99  PD112
  419    47. 101.   1   1.00000E-99  AG101
  420    47. 102.   1   1.51407E-27  AG102
  421    47. 103.   1   2.32834E-23  AG103
  422    47. 104.   1   1.36199E-21  AG104
  423    47. 105.   1   1.59102E-18  AG105
  424    47. 106.   1   4.96197E-22  AG106
  425    47. 107.   1   1.19783E-20  AG107
  426    47. 108.   1   2.36705E-25  AG108
  427    47. 109.   1   2.09239E-25  AG109
  428    47. 110.   1   1.00000E-99  AG110
  429    47. 111.   1   1.00000E-99  AG111
  430    47. 112.   1   1.00000E-99  AG112
  431    47. 113.   1   1.00000E-99  AG113
  432    48. 102.   1   1.44264E-25  CD102
  433    48. 103.   1   7.70365E-24  CD103
  434    48. 104.   1   4.66738E-19  CD104
  435    48. 105.   1   7.67807E-20  CD105
  436    48. 106.   1   3.86098E-16  CD106
  437    48. 107.   1   1.10052E-18  CD107
  438    48. 108.   1   4.44847E-16  CD108
  439    48. 109.   1   8.78739E-20  CD109
  440    48. 110.   1   5.55268E-19  CD110
  441    48. 111.   1   2.84404E-23  CD111
  442    48. 112.   1   2.47716E-24  CD112
  443    48. 113.   1   1.00000E-99  CD113
  444    48. 114.   1   1.00000E-99  CD114
  445    48. 115.   1   1.00000E-99  CD115
  446    48. 116.   1   1.00000E-99  CD116
  447    48. 117.   1   1.00000E-99  CD117
  448    48. 118.   1   1.00000E-99  CD118
  449    49. 106.   1   1.00000E-99  IN106
  450    49. 107.   1   1.10514E-26  IN107
  451    49. 108.   1   1.65210E-24  IN108
  452    49. 109.   1   8.33182E-21  IN109
  453    49. 110.   1   2.58006E-21  IN110
  454    49. 111.   1   6.21065E-20  IN111
  455    49. 112.   1   3.12481E-22  IN112
  456    49. 113.   1   7.82337E-22  IN113
  457    49. 114.   1   2.24676E-26  IN114
  458    49. 115.   1   5.54201E-27  IN115
  459    49. 116.   1   1.00000E-99  IN116
  460    49. 117.   1   1.00000E-99  IN117
  461    49. 118.   1   1.00000E-99  IN118
  462    49. 119.   1   1.00000E-99  IN119
  463    50. 108.   1   3.40660E-22  SN108
  464    50. 109.   1   6.28597E-22  SN109
  465    50. 110.   1   2.25679E-17  SN110
  466    50. 111.   1   6.30050E-20  SN111
  467    50. 112.   1   4.49219E-15  SN112
  468    50. 113.   1   1.27775E-17  SN113
  469    50. 114.   1   1.98048E-15  SN114
  470    50. 115.   1   4.61494E-20  SN115
  471    50. 116.   1   2.56697E-18  SN116
  472    50. 117.   1   1.02788E-22  SN117
  473    50. 118.   1   4.23015E-22  SN118
  474    50. 119.   1   1.27532E-27  SN119
  475    50. 120.   1   2.88274E-27  SN120
  476    50. 121.   1   1.00000E-99  SN121
  477    50. 122.   1   1.00000E-99  SN122
  478    50. 123.   1   1.00000E-99  SN123
  479    50. 124.   1   1.00000E-99  SN124
  480    50. 125.   1   1.00000E-99  SN125
  481    50. 126.   1   1.00000E-99  SN126
  482    50. 127.   1   1.00000E-99  SN127
  483    50. 128.   1   1.00000E-99  SN128
  484    50. 129.   1   1.00000E-99  SN129
  485    50. 130.   1   1.00000E-99  SN130
  486    51. 112.   1   1.00000E-99  SB112
  487    51. 113.   1   1.00000E-99  SB113
  488    51. 114.   1   1.00000E-99  SB114
  489    51. 115.   1   3.68714E-27  SB115
  490    51. 116.   1   9.98270E-26  SB116
  491    51. 117.   1   1.93514E-22  SB117
  492    51. 118.   1   4.47937E-25  SB118
  493    51. 119.   1   2.49596E-21  SB119
  494    51. 120.   1   2.40809E-26  SB120
  495    51. 121.   1   1.77182E-26  SB121
  496    51. 122.   1   1.00000E-99  SB122
  497    51. 123.   1   1.00000E-99  SB123
  498    51. 124.   1   1.00000E-99  SB124
  499    51. 125.   1   1.00000E-99  SB125
  500    51. 126.   1   1.00000E-99  SB126
  501    51. 127.   1   1.00000E-99  SB127
  502    51. 128.   1   1.00000E-99  SB128
  503    51. 129.   1   1.00000E-99  SB129
  504    51. 130.   1   1.00000E-99  SB130
  505    51. 131.   1   1.00000E-99  SB131
  506    51. 132.   1   1.00000E-99  SB132
  507    51. 133.   1   1.00000E-99  SB133
  508    52. 114.   1   1.00000E-99  TE114
  509    52. 115.   1   1.00000E-99  TE115
  510    52. 116.   1   1.42466E-23  TE116
  511    52. 117.   1   6.18576E-24  TE117
  512    52. 118.   1   1.06484E-20  TE118
  513    52. 119.   1   2.32704E-21  TE119
  514    52. 120.   1   1.73673E-18  TE120
  515    52. 121.   1   5.50608E-22  TE121
  516    52. 122.   1   1.28209E-19  TE122
  517    52. 123.   1   6.73878E-24  TE123
  518    52. 124.   1   1.89539E-25  TE124
  519    52. 125.   1   1.00000E-99  TE125
  520    52. 126.   1   1.00000E-99  TE126
  521    52. 127.   1   1.00000E-99  TE127
  522    52. 128.   1   1.00000E-99  TE128
  523    52. 129.   1   1.00000E-99  TE129
  524    52. 130.   1   1.00000E-99  TE130
  525    52. 131.   1   1.00000E-99  TE131
  526    52. 132.   1   1.00000E-99  TE132
  527    52. 133.   1   1.00000E-99  TE133
  528    52. 134.   1   1.00000E-99  TE134
  529    53. 117.   1   1.00000E-99  I 117
  530    53. 118.   1   1.00000E-99  I 118
  531    53. 119.   1   7.50940E-26  I 119
  532    53. 120.   1   4.54469E-26  I 120
  533    53. 121.   1   1.79663E-21  I 121
  534    53. 122.   1   8.10539E-23  I 122
  535    53. 123.   1   6.76816E-20  I 123
  536    53. 124.   1   8.92719E-25  I 124
  537    53. 125.   1   2.94349E-23  I 125
  538    53. 126.   1   1.00000E-99  I 126
  539    53. 127.   1   4.11333E-27  I 127
  540    53. 128.   1   1.00000E-99  I 128
  541    53. 129.   1   1.00000E-99  I 129
  542    53. 130.   1   1.00000E-99  I 130
  543    53. 131.   1   1.00000E-99  I 131
  544    53. 132.   1   1.00000E-99  I 132
  545    53. 133.   1   1.00000E-99  I 133
  546    53. 134.   1   1.00000E-99  I 134
  547    53. 135.   1   1.00000E-99  I 135
  548    54. 118.   1   1.00000E-99  XE118
  549    54. 119.   1   1.00000E-99  XE119
  550    54. 120.   1   2.53945E-22  XE120
  551    54. 121.   1   4.02344E-22  XE121
  552    54. 122.   1   8.07953E-18  XE122
  553    54. 123.   1   2.42040E-19  XE123
  554    54. 124.   1   6.02313E-17  XE124
  555    54. 125.   1   2.61766E-20  XE125
  556    54. 126.   1   1.42134E-18  XE126
  557    54. 127.   1   3.40187E-22  XE127
  558    54. 128.   1   5.79851E-20  XE128
  559    54. 129.   1   3.37638E-26  XE129
  560    54. 130.   1   1.00000E-99  XE130
  561    54. 131.   1   1.00000E-99  XE131
  562    54. 132.   1   1.00000E-99  XE132
  563    54. 133.   1   1.00000E-99  XE133
  564    54. 134.   1   1.00000E-99  XE134
  565    54. 135.   1   1.00000E-99  XE135
  566    54. 136.   1   1.00000E-99  XE136
  567    54. 137.   1   1.00000E-99  XE137
  568    54. 138.   1   1.00000E-99  XE138
  569    55. 123.   1   4.94219E-27  CS123
  570    55. 124.   1   6.85895E-27  CS124
  571    55. 125.   1   2.72403E-22  CS125
  572    55. 126.   1   3.83260E-22  CS126
  573    55. 127.   1   3.54040E-20  CS127
  574    55. 128.   1   8.35246E-23  CS128
  575    55. 129.   1   6.64268E-23  CS129
  576    55. 130.   1   1.23827E-26  CS130
  577    55. 131.   1   3.43178E-25  CS131
  578    55. 132.   1   1.00000E-99  CS132
  579    55. 133.   1   1.00000E-99  CS133
  580    55. 134.   1   1.00000E-99  CS134
  581    55. 135.   1   1.00000E-99  CS135
  582    55. 136.   1   1.00000E-99  CS136
  583    55. 137.   1   1.00000E-99  CS137
  584    55. 138.   1   1.00000E-99  CS138
  585    55. 139.   1   1.00000E-99  CS139
  586    56. 124.   1   3.88793E-23  BA124
  587    56. 125.   1   1.93660E-23  BA125
  588    56. 126.   1   1.39488E-18  BA126
  589    56. 127.   1   1.60718E-19  BA127
  590    56. 128.   1   3.96800E-17  BA128
  591    56. 129.   1   3.03679E-20  BA129
  592    56. 130.   1   4.08037E-16  BA130
  593    56. 131.   1   1.77982E-20  BA131
  594    56. 132.   1   3.97758E-19  BA132
  595    56. 133.   1   7.81909E-23  BA133
  596    56. 134.   1   9.64429E-23  BA134
  597    56. 135.   1   1.88404E-26  BA135
  598    56. 136.   1   1.87419E-24  BA136
  599    56. 137.   1   1.00000E-99  BA137
  600    56. 138.   1   1.00000E-99  BA138
  601    56. 139.   1   1.00000E-99  BA139
  602    56. 140.   1   1.00000E-99  BA140
  603    56. 141.   1   1.00000E-99  BA141
  604    56. 142.   1   1.00000E-99  BA142
  605    57. 127.   1   1.00000E-99  LA127
  606    57. 128.   1   1.00000E-99  LA128
  607    57. 129.   1   5.92835E-25  LA129
  608    57. 130.   1   3.45734E-24  LA130
  609    57. 131.   1   3.54259E-23  LA131
  610    57. 132.   1   1.96652E-23  LA132
  611    57. 133.   1   2.29652E-21  LA133
  612    57. 134.   1   1.04901E-23  LA134
  613    57. 135.   1   2.34556E-21  LA135
  614    57. 136.   1   1.97907E-25  LA136
  615    57. 137.   1   6.65209E-24  LA137
  616    57. 138.   1   1.00000E-99  LA138
  617    57. 139.   1   8.32822E-26  LA139
  618    57. 140.   1   1.00000E-99  LA140
  619    57. 141.   1   1.00000E-99  LA141
  620    57. 142.   1   1.00000E-99  LA142
  621    57. 143.   1   1.00000E-99  LA143
  622    58. 130.   1   7.91951E-22  CE130
  623    58. 131.   1   2.45750E-22  CE131
  624    58. 132.   1   3.46715E-19  CE132
  625    58. 133.   1   3.88581E-20  CE133
  626    58. 134.   1   3.50606E-18  CE134
  627    58. 135.   1   9.50781E-21  CE135
  628    58. 136.   1   2.79668E-15  CE136
  629    58. 137.   1   5.24560E-20  CE137
  630    58. 138.   1   3.52591E-17  CE138
  631    58. 139.   1   5.33054E-22  CE139
  632    58. 140.   1   1.03330E-19  CE140
  633    58. 141.   1   1.00000E-99  CE141
  634    58. 142.   1   1.00000E-99  CE142
  635    58. 143.   1   1.00000E-99  CE143
  636    58. 144.   1   1.00000E-99  CE144
  637    58. 145.   1   1.00000E-99  CE145
  638    58. 146.   1   1.00000E-99  CE146
  639    59. 133.   1   1.00000E-99  PR133
  640    59. 134.   1   1.00000E-99  PR134
  641    59. 135.   1   7.59322E-24  PR135
  642    59. 136.   1   6.41956E-24  PR136
  643    59. 137.   1   1.95514E-21  PR137
  644    59. 138.   1   4.16600E-22  PR138
  645    59. 139.   1   2.00364E-19  PR139
  646    59. 140.   1   5.16411E-21  PR140
  647    59. 141.   1   9.49010E-21  PR141
  648    59. 142.   1   1.00000E-99  PR142
  649    59. 143.   1   1.00000E-99  PR143
  650    59. 144.   1   1.00000E-99  PR144
  651    59. 145.   1   1.00000E-99  PR145
  652    59. 146.   1   1.00000E-99  PR146
  653    59. 147.   1   1.00000E-99  PR147
  654    59. 148.   1   1.00000E-99  PR148
  655    59. 149.   1   1.00000E-99  PR149
  656    60. 134.   1   1.21815E-25  ND134
  657    60. 135.   1   3.70217E-24  ND135
  658    60. 136.   1   4.26120E-21  ND136
  659    60. 137.   1   1.25098E-21  ND137
  660    60. 138.   1   2.66355E-18  ND138
  661    60. 139.   1   2.86984E-19  ND139
  662    60. 140.   1   1.28501E-15  ND140
  663    60. 141.   1   9.03610E-20  ND141
  664    60. 142.   1   1.99567E-17  ND142
  665    60. 143.   1   1.70973E-24  ND143
  666    60. 144.   1   4.67033E-25  ND144
  667    60. 145.   1   1.00000E-99  ND145
  668    60. 146.   1   1.00000E-99  ND146
  669    60. 147.   1   1.00000E-99  ND147
  670    60. 148.   1   1.00000E-99  ND148
  671    60. 149.   1   1.00000E-99  ND149
  672    60. 150.   1   1.00000E-99  ND150
  673    60. 151.   1   1.00000E-99  ND151
  674    60. 152.   1   1.00000E-99  ND152
  675    61. 137.   1   1.00000E-99  PM137
  676    61. 138.   1   1.00000E-99  PM138
  677    61. 139.   1   4.56346E-25  PM139
  678    61. 140.   1   3.49022E-23  PM140
  679    61. 141.   1   1.56328E-22  PM141
  680    61. 142.   1   9.71832E-22  PM142
  681    61. 143.   1   7.67171E-19  PM143
  682    61. 144.   1   2.17873E-25  PM144
  683    61. 145.   1   1.98561E-24  PM145
  684    61. 146.   1   1.00000E-99  PM146
  685    61. 147.   1   1.00000E-99  PM147
  686    61. 148.   1   1.00000E-99  PM148
  687    61. 149.   1   1.00000E-99  PM149
  688    61. 150.   1   1.00000E-99  PM150
  689    61. 151.   1   1.00000E-99  PM151
  690    61. 152.   1   1.00000E-99  PM152
  691    61. 153.   1   1.00000E-99  PM153
  692    61. 154.   1   1.00000E-99  PM154
  693    62. 140.   1   5.01177E-23  SM140
  694    62. 141.   1   4.61283E-21  SM141
  695    62. 142.   1   1.65075E-18  SM142
  696    62. 143.   1   5.29181E-19  SM143
  697    62. 144.   1   3.29976E-16  SM144
  698    62. 145.   1   9.32612E-23  SM145
  699    62. 146.   1   2.48834E-21  SM146
  700    62. 147.   1   5.04345E-25  SM147
  701    62. 148.   1   2.55062E-23  SM148
  702    62. 149.   1   1.00000E-99  SM149
  703    62. 150.   1   1.00000E-99  SM150
  704    62. 151.   1   1.00000E-99  SM151
  705    62. 152.   1   1.00000E-99  SM152
  706    62. 153.   1   1.00000E-99  SM153
  707    62. 154.   1   1.00000E-99  SM154
  708    62. 155.   1   1.00000E-99  SM155
  709    62. 156.   1   1.00000E-99  SM156
  710    62. 157.   1   1.00000E-99  SM157
  711    62. 158.   1   1.00000E-99  SM158
  712    63. 143.   1   1.00000E-99  EU143
  713    63. 144.   1   1.00000E-99  EU144
  714    63. 145.   1   7.93201E-25  EU145
  715    63. 146.   1   4.06921E-26  EU146
  716    63. 147.   1   7.43698E-25  EU147
  717    63. 148.   1   3.36374E-26  EU148
  718    63. 149.   1   1.38677E-23  EU149
  719    63. 150.   1   1.00000E-99  EU150
  720    63. 151.   1   2.68193E-26  EU151
  721    63. 152.   1   1.00000E-99  EU152
  722    63. 153.   1   1.00000E-99  EU153
  723    63. 154.   1   1.00000E-99  EU154
  724    63. 155.   1   1.00000E-99  EU155
  725    63. 156.   1   1.00000E-99  EU156
  726    63. 157.   1   1.00000E-99  EU157
  727    63. 158.   1   1.00000E-99  EU158
  728    63. 159.   1   1.00000E-99  EU159
  729    64. 144.   1   1.00000E-99  GD144
  730    64. 145.   1   2.37834E-25  GD145
  731    64. 146.   1   5.59373E-22  GD146
  732    64. 147.   1   5.79067E-26  GD147
  733    64. 148.   1   1.26612E-24  GD148
  734    64. 149.   1   2.38286E-23  GD149
  735    64. 150.   1   2.66046E-21  GD150
  736    64. 151.   1   1.40983E-24  GD151
  737    64. 152.   1   7.06851E-22  GD152
  738    64. 153.   1   1.00000E-99  GD153
  739    64. 154.   1   1.09558E-25  GD154
  740    64. 155.   1   1.00000E-99  GD155
  741    64. 156.   1   1.00000E-99  GD156
  742    64. 157.   1   1.00000E-99  GD157
  743    64. 158.   1   1.00000E-99  GD158
  744    64. 159.   1   1.00000E-99  GD159
  745    64. 160.   1   1.00000E-99  GD160
  746    64. 161.   1   1.00000E-99  GD161
  747    64. 162.   1   1.00000E-99  GD162
  748    65. 147.   1   1.00000E-99  TB147
  749    65. 148.   1   1.00000E-99  TB148
  750    65. 149.   1   1.00000E-99  TB149
  751    65. 150.   1   1.00000E-99  TB150
  752    65. 151.   1   3.68001E-25  TB151
  753    65. 152.   1   4.50052E-26  TB152
  754    65. 153.   1   7.72717E-23  TB153
  755    65. 154.   1   1.02470E-25  TB154
  756    65. 155.   1   4.44167E-23  TB155
  757    65. 156.   1   1.00000E-99  TB156
  758    65. 157.   1   4.73103E-27  TB157
  759    65. 158.   1   1.00000E-99  TB158
  760    65. 159.   1   1.00000E-99  TB159
  761    65. 160.   1   1.00000E-99  TB160
  762    65. 161.   1   1.00000E-99  TB161
  763    65. 162.   1   1.00000E-99  TB162
  764    65. 163.   1   1.00000E-99  TB163
  765    65. 164.   1   1.00000E-99  TB164
  766    65. 165.   1   1.00000E-99  TB165
  767    66. 148.   1   1.00000E-99  DY148
  768    66. 149.   1   1.00000E-99  DY149
  769    66. 150.   1   1.00000E-99  DY150
  770    66. 151.   1   1.00000E-99  DY151
  771    66. 152.   1   2.57706E-25  DY152
  772    66. 153.   1   1.38043E-24  DY153
  773    66. 154.   1   4.67635E-21  DY154
  774    66. 155.   1   6.73407E-22  DY155
  775    66. 156.   1   1.43290E-19  DY156
  776    66. 157.   1   9.32849E-24  DY157
  777    66. 158.   1   2.58428E-21  DY158
  778    66. 159.   1   3.64823E-26  DY159
  779    66. 160.   1   5.79811E-25  DY160
  780    66. 161.   1   1.00000E-99  DY161
  781    66. 162.   1   1.00000E-99  DY162
  782    66. 163.   1   1.00000E-99  DY163
  783    66. 164.   1   1.00000E-99  DY164
  784    66. 165.   1   1.00000E-99  DY165
  785    66. 166.   1   1.00000E-99  DY166
  786    66. 167.   1   1.00000E-99  DY167
  787    66. 168.   1   1.00000E-99  DY168
  788    67. 153.   1   1.00000E-99  HO153
  789    67. 154.   1   1.00000E-99  HO154
  790    67. 155.   1   6.06609E-24  HO155
  791    67. 156.   1   8.84614E-25  HO156
  792    67. 157.   1   8.01998E-22  HO157
  793    67. 158.   1   2.63238E-25  HO158
  794    67. 159.   1   2.22907E-21  HO159
  795    67. 160.   1   5.88235E-26  HO160
  796    67. 161.   1   1.79103E-24  HO161
  797    67. 162.   1   1.00000E-99  HO162
  798    67. 163.   1   1.00000E-99  HO163
  799    67. 164.   1   1.00000E-99  HO164
  800    67. 165.   1   1.00000E-99  HO165
  801    67. 166.   1   1.00000E-99  HO166
  802    67. 167.   1   1.00000E-99  HO167
  803    67. 168.   1   1.00000E-99  HO168
  804    67. 169.   1   1.00000E-99  HO169
  805    68. 154.   1   1.00000E-99  ER154
  806    68. 155.   1   1.00000E-99  ER155
  807    68. 156.   1   5.04424E-24  ER156
  808    68. 157.   1   5.27444E-25  ER157
  809    68. 158.   1   1.60269E-22  ER158
  810    68. 159.   1   1.27721E-19  ER159
  811    68. 160.   1   5.37396E-19  ER160
  812    68. 161.   1   1.58689E-21  ER161
  813    68. 162.   1   1.27192E-19  ER162
  814    68. 163.   1   1.88346E-24  ER163
  815    68. 164.   1   2.29267E-21  ER164
  816    68. 165.   1   1.34965E-26  ER165
  817    68. 166.   1   9.41219E-24  ER166
  818    68. 167.   1   1.00000E-99  ER167
  819    68. 168.   1   1.00000E-99  ER168
  820    68. 169.   1   1.00000E-99  ER169
  821    68. 170.   1   1.00000E-99  ER170
  822    68. 171.   1   1.00000E-99  ER171
  823    68. 172.   1   1.00000E-99  ER172
  824    68. 173.   1   1.00000E-99  ER173
  825    68. 174.   1   1.00000E-99  ER174
  826    68. 175.   1   1.00000E-99  ER175
  827    69. 159.   1   3.24372E-25  TM159
  828    69. 160.   1   1.39148E-25  TM160
  829    69. 161.   1   2.18767E-22  TM161
  830    69. 162.   1   2.44511E-23  TM162
  831    69. 163.   1   1.79747E-21  TM163
  832    69. 164.   1   3.07492E-24  TM164
  833    69. 165.   1   1.44039E-22  TM165
  834    69. 166.   1   5.72857E-26  TM166
  835    69. 167.   1   9.93911E-24  TM167
  836    69. 168.   1   1.00000E-99  TM168
  837    69. 169.   1   1.00000E-99  TM169
  838    69. 170.   1   1.00000E-99  TM170
  839    69. 171.   1   1.00000E-99  TM171
  840    69. 172.   1   1.00000E-99  TM172
  841    69. 173.   1   1.00000E-99  TM173
  842    69. 174.   1   1.00000E-99  TM174
  843    69. 175.   1   1.00000E-99  TM175
  844    69. 176.   1   1.00000E-99  TM176
  845    70. 160.   1   1.21808E-27  YB160
  846    70. 161.   1   3.30594E-26  YB161
  847    70. 162.   1   1.58959E-23  YB162
  848    70. 163.   1   2.92699E-23  YB163
  849    70. 164.   1   2.42530E-20  YB164
  850    70. 165.   1   8.79491E-22  YB165
  851    70. 166.   1   5.95860E-19  YB166
  852    70. 167.   1   4.49304E-22  YB167
  853    70. 168.   1   1.66445E-19  YB168
  854    70. 169.   1   1.48615E-24  YB169
  855    70. 170.   1   7.30710E-20  YB170
  856    70. 171.   1   1.07068E-26  YB171
  857    70. 172.   1   1.00000E-99  YB172
  858    70. 173.   1   1.00000E-99  YB173
  859    70. 174.   1   1.00000E-99  YB174
  860    70. 175.   1   1.00000E-99  YB175
  861    70. 176.   1   1.00000E-99  YB176
  862    70. 177.   1   1.00000E-99  YB177
  863    70. 178.   1   1.00000E-99  YB178
  864    70. 179.   1   1.00000E-99  YB179
  865    70. 180.   1   1.00000E-99  YB180
  866    71. 165.   1   9.74355E-27  LU165
  867    71. 166.   1   1.00000E-99  LU166
  868    71. 167.   1   1.72030E-23  LU167
  869    71. 168.   1   2.29033E-24  LU168
  870    71. 169.   1   3.72274E-22  LU169
  871    71. 170.   1   1.85647E-25  LU170
  872    71. 171.   1   8.76334E-24  LU171
  873    71. 172.   1   1.00000E-99  LU172
  874    71. 173.   1   1.11582E-25  LU173
  875    71. 174.   1   1.00000E-99  LU174
  876    71. 175.   1   1.00000E-99  LU175
  877    71. 176.   1   1.00000E-99  LU176
  878    71. 177.   1   1.00000E-99  LU177
  879    71. 178.   1   1.00000E-99  LU178
  880    71. 179.   1   1.00000E-99  LU179
  881    71. 180.   1   1.00000E-99  LU180
  882    71. 181.   1   1.00000E-99  LU181
  883    71. 182.   1   1.00000E-99  LU182
  884    72. 166.   1   2.14243E-26  HF166
  885    72. 167.   1   2.78118E-25  HF167
  886    72. 168.   1   2.96231E-22  HF168
  887    72. 169.   1   1.24982E-22  HF169
  888    72. 170.   1   2.49279E-20  HF170
  889    72. 171.   1   6.44141E-23  HF171
  890    72. 172.   1   2.01498E-19  HF172
  891    72. 173.   1   3.16020E-23  HF173
  892    72. 174.   1   1.24266E-20  HF174
  893    72. 175.   1   6.00519E-27  HF175
  894    72. 176.   1   1.13318E-27  HF176
  895    72. 177.   1   1.00000E-99  HF177
  896    72. 178.   1   1.00000E-99  HF178
  897    72. 179.   1   1.00000E-99  HF179
  898    72. 180.   1   1.00000E-99  HF180
  899    72. 181.   1   1.00000E-99  HF181
  900    72. 182.   1   1.00000E-99  HF182
  901    72. 183.   1   1.00000E-99  HF183
  902    72. 184.   1   1.00000E-99  HF184
  903    72. 185.   1   1.00000E-99  HF185
  904    73. 169.   1   2.84160E-27  TA169
  905    73. 170.   1   1.85270E-26  TA170
  906    73. 171.   1   1.52847E-23  TA171
  907    73. 172.   1   8.23996E-26  TA172
  908    73. 173.   1   4.42570E-22  TA173
  909    73. 174.   1   1.09237E-25  TA174
  910    73. 175.   1   7.04377E-22  TA175
  911    73. 176.   1   5.18434E-26  TA176
  912    73. 177.   1   3.27359E-23  TA177
  913    73. 178.   1   1.00000E-99  TA178
  914    73. 179.   1   3.53572E-27  TA179
  915    73. 180.   1   1.00000E-99  TA180
  916    73. 181.   1   1.00000E-99  TA181
  917    73. 182.   1   1.00000E-99  TA182
  918    73. 183.   1   1.00000E-99  TA183
  919    73. 184.   1   1.00000E-99  TA184
  920    73. 185.   1   1.00000E-99  TA185
  921    73. 186.   1   1.00000E-99  TA186
  922    74. 172.   1   1.98906E-25  W 172
  923    74. 173.   1   4.51154E-25  W 173
  924    74. 174.   1   3.68797E-22  W 174
  925    74. 175.   1   4.45673E-23  W 175
  926    74. 176.   1   3.78836E-20  W 176
  927    74. 177.   1   2.25424E-22  W 177
  928    74. 178.   1   7.13063E-20  W 178
  929    74. 179.   1   2.61230E-25  W 179
  930    74. 180.   1   6.45290E-25  W 180
  931    74. 181.   1   1.00000E-99  W 181
  932    74. 182.   1   1.00000E-99  W 182
  933    74. 183.   1   1.00000E-99  W 183
  934    74. 184.   1   1.00000E-99  W 184
  935    74. 185.   1   1.00000E-99  W 185
  936    74. 186.   1   1.00000E-99  W 186
  937    74. 187.   1   1.00000E-99  W 187
  938    74. 188.   1   1.00000E-99  W 188
  939    74. 189.   1   1.00000E-99  W 189
  940    74. 190.   1   1.00000E-99  W 190
  941    75. 175.   1   2.19249E-25  RE175
  942    75. 176.   1   2.18949E-24  RE176
  943    75. 177.   1   1.83369E-23  RE177
  944    75. 178.   1   1.83060E-24  RE178
  945    75. 179.   1   4.51093E-23  RE179
  946    75. 180.   1   1.43008E-25  RE180
  947    75. 181.   1   2.99583E-23  RE181
  948    75. 182.   1   2.72590E-27  RE182
  949    75. 183.   1   2.32492E-24  RE183
  950    75. 184.   1   1.00000E-99  RE184
  951    75. 185.   1   1.00000E-99  RE185
  952    75. 186.   1   1.00000E-99  RE186
  953    75. 187.   1   1.00000E-99  RE187
  954    75. 188.   1   1.00000E-99  RE188
  955    75. 189.   1   1.00000E-99  RE189
  956    75. 190.   1   1.00000E-99  RE190
  957    75. 191.   1   1.00000E-99  RE191
  958    76. 179.   1   5.42963E-24  OS179
  959    76. 180.   1   4.70198E-21  OS180
  960    76. 181.   1   1.51893E-22  OS181
  961    76. 182.   1   6.49917E-20  OS182
  962    76. 183.   1   1.47143E-24  OS183
  963    76. 184.   1   4.88133E-23  OS184
  964    76. 185.   1   1.43249E-26  OS185
  965    76. 186.   1   1.16060E-25  OS186
  966    76. 187.   1   1.00000E-99  OS187
  967    76. 188.   1   1.00000E-99  OS188
  968    76. 189.   1   1.00000E-99  OS189
  969    76. 190.   1   1.00000E-99  OS190
  970    76. 191.   1   1.00000E-99  OS191
  971    76. 192.   1   1.00000E-99  OS192
  972    76. 193.   1   1.00000E-99  OS193
  973    76. 194.   1   1.00000E-99  OS194
  974    76. 195.   1   1.00000E-99  OS195
  975    76. 196.   1   1.00000E-99  OS196
  976    77. 181.   1   1.98293E-27  IR181
  977    77. 182.   1   1.53799E-27  IR182
  978    77. 183.   1   2.83038E-24  IR183
  979    77. 184.   1   7.81094E-26  IR184
  980    77. 185.   1   3.05750E-23  IR185
  981    77. 186.   1   1.00000E-99  IR186
  982    77. 187.   1   1.08794E-23  IR187
  983    77. 188.   1   1.00000E-99  IR188
  984    77. 189.   1   1.00000E-99  IR189
  985    77. 190.   1   1.00000E-99  IR190
  986    77. 191.   1   1.00000E-99  IR191
  987    77. 192.   1   1.00000E-99  IR192
  988    77. 193.   1   1.00000E-99  IR193
  989    77. 194.   1   1.00000E-99  IR194
  990    77. 195.   1   1.00000E-99  IR195
  991    77. 196.   1   1.00000E-99  IR196
  992    77. 197.   1   1.00000E-99  IR197
  993    78. 184.   1   4.34464E-23  PT184
  994    78. 185.   1   1.80171E-24  PT185
  995    78. 186.   1   2.94555E-21  PT186
  996    78. 187.   1   9.32276E-23  PT187
  997    78. 188.   1   1.15168E-24  PT188
  998    78. 189.   1   1.42360E-25  PT189
  999    78. 190.   1   4.70541E-23  PT190
 1000    78. 191.   1   1.00000E-99  PT191
 1001    78. 192.   1   2.15125E-26  PT192
 1002    78. 193.   1   1.00000E-99  PT193
 1003    78. 194.   1   1.00000E-99  PT194
 1004    78. 195.   1   1.00000E-99  PT195
 1005    78. 196.   1   1.00000E-99  PT196
 1006    78. 197.   1   1.00000E-99  PT197
 1007    78. 198.   1   1.00000E-99  PT198
 1008    78. 199.   1   1.00000E-99  PT199
 1009    78. 200.   1   1.00000E-99  PT200
 1010    78. 201.   1   1.00000E-99  PT201
 1011    78. 202.   1   1.00000E-99  PT202
 1012    79. 185.   1   1.00000E-99  AU185
 1013    79. 186.   1   1.00000E-99  AU186
 1014    79. 187.   1   5.23106E-27  AU187
 1015    79. 188.   1   4.46892E-26  AU188
 1016    79. 189.   1   1.58585E-25  AU189
 1017    79. 190.   1   1.40295E-24  AU190
 1018    79. 191.   1   1.75307E-23  AU191
 1019    79. 192.   1   6.59254E-26  AU192
 1020    79. 193.   1   4.48636E-25  AU193
 1021    79. 194.   1   1.00000E-99  AU194
 1022    79. 195.   1   5.90726E-26  AU195
 1023    79. 196.   1   1.00000E-99  AU196
 1024    79. 197.   1   1.00000E-99  AU197
 1025    79. 198.   1   1.00000E-99  AU198
 1026    79. 199.   1   1.00000E-99  AU199
 1027    79. 200.   1   1.00000E-99  AU200
 1028    79. 201.   1   1.00000E-99  AU201
 1029    79. 202.   1   1.00000E-99  AU202
 1030    79. 203.   1   1.00000E-99  AU203
 1031    80. 189.   1   1.04384E-23  HG189
 1032    80. 190.   1   2.15650E-21  HG190
 1033    80. 191.   1   1.16609E-20  HG191
 1034    80. 192.   1   9.70718E-20  HG192
 1035    80. 193.   1   3.43751E-21  HG193
 1036    80. 194.   1   1.08207E-19  HG194
 1037    80. 195.   1   2.90094E-21  HG195
 1038    80. 196.   1   1.26361E-20  HG196
 1039    80. 197.   1   1.19452E-21  HG197
 1040    80. 198.   1   5.47249E-21  HG198
 1041    80. 199.   1   2.48787E-21  HG199
 1042    80. 200.   1   1.57166E-21  HG200
 1043    80. 201.   1   3.87644E-22  HG201
 1044    80. 202.   1   7.08566E-22  HG202
 1045    80. 203.   1   4.06695E-23  HG203
 1046    80. 204.   1   3.48584E-21  HG204
 1047    80. 205.   1   1.00000E-99  HG205
 1048    80. 206.   1   1.00000E-99  HG206
 1049    80. 207.   1   1.00000E-99  HG207
 1050    80. 208.   1   1.00000E-99  HG208
 1051    81. 192.   1   2.25592E-27  TL192
 1052    81. 193.   1   1.69320E-24  TL193
 1053    81. 194.   1   2.22379E-27  TL194
 1054    81. 195.   1   9.04478E-24  TL195
 1055    81. 196.   1   1.00000E-99  TL196
 1056    81. 197.   1   1.72772E-24  TL197
 1057    81. 198.   1   1.06360E-27  TL198
 1058    81. 199.   1   2.38539E-25  TL199
 1059    81. 200.   1   1.00000E-99  TL200
 1060    81. 201.   1   2.97905E-27  TL201
 1061    81. 202.   1   1.00000E-99  TL202
 1062    81. 203.   1   1.00000E-99  TL203
 1063    81. 204.   1   1.00000E-99  TL204
 1064    81. 205.   1   1.86826E-26  TL205
 1065    81. 206.   1   1.00000E-99  TL206
 1066    81. 207.   1   3.80784E-27  TL207
 1067    81. 208.   1   1.00000E-99  TL208
 1068    81. 209.   1   1.00000E-99  TL209
 1069    81. 210.   1   1.00000E-99  TL210
 1070    82. 193.   1   1.00000E-99  PB193
 1071    82. 194.   1   1.00000E-99  PB194
 1072    82. 195.   1   1.00000E-99  PB195
 1073    82. 196.   1   3.11819E-23  PB196
 1074    82. 197.   1   1.00275E-26  PB197
 1075    82. 198.   1   1.02082E-24  PB198
 1076    82. 199.   1   4.07529E-27  PB199
 1077    82. 200.   1   3.05401E-24  PB200
 1078    82. 201.   1   2.62393E-26  PB201
 1079    82. 202.   1   2.54344E-25  PB202
 1080    82. 203.   1   1.00000E-99  PB203
 1081    82. 204.   1   1.20301E-27  PB204
 1082    82. 205.   1   1.00000E-99  PB205
 1083    82. 208.   1   5.31676E-09  PB208
 1084    82. 209.   1   1.49272E-22  PB209
 1085    82. 210.   1   1.00000E-99  PB210
 1086    82. 211.   1   1.00000E-99  PB211
 1087    83. 202.   1   2.47632E-26  BI202
 1088    83. 203.   1   1.24693E-25  BI203
 1089    83. 204.   1   5.18065E-26  BI204
 1090    83. 205.   1   1.96616E-25  BI205
 1091    83. 206.   1   5.93742E-26  BI206
 1092    83. 207.   1   3.79650E-26  BI207
 1093    83. 208.   1   1.48719E-27  BI208
 1094    83. 209.   1   3.32841E-26  BI209
 1095    83. 210.   1   1.00000E-99  BI210
 1096    13.  26.   2   1.00000E-99  AL*26
 1097    36.  85.   2   1.00000E-99  KR*85
 1098    48. 115.   2   1.00000E-99  CD*15
 1099    71. 176.   2   1.00000E-99  LU*76
 1100    73. 180.   2   1.00000E-99  TAg80
