  0 NEUT     3.581974663e-14 
  1 PROT     2.740743302e-11 
  1 H   2    1.324440122e-23 
  2 HE  3    1.927401813e-18 
  2 HE  4    4.489572978e-09 
  4 BE  7    3.536294715e-24 
  5 B   8    5.554682357e-76 
  3 LI  7    6.822459332e-32 
  6 C  11    1.985829723e-14 
  5 B  11    2.855890998e-09 
  6 C  12    5.330398963e-06 
  6 C  13    4.908618037e-12 
  7 N  13    4.759044238e-17 
  7 N  14    1.067067071e-10 
  6 C  14    6.716081804e-13 
  7 N  15    9.148986252e-12 
  8 O  16    1.852226941e-01 
  8 O  17    3.786314239e-11 
  8 O  18    1.195444205e-15 
  9 F  17    1.581997232e-14 
  9 F  18    3.149272799e-16 
  9 F  19    9.278635506e-17 
 10 NE 20    1.516148272e-06 
 10 NE 21    5.719039966e-11 
 10 NE 22    2.317365980e-10 
 11 NA 22    9.806951835e-12 
 11 NA 23    8.592127957e-09 
 12 MG 23    5.488664731e-10 
 12 MG 24    5.563880087e-03 
 12 MG 25    1.459981622e-06 
 12 MG 26    2.335482517e-06 
 13 AL 26    5.929789924e-10 
 13 AL 27    4.511863478e-05 
 14 SI 27    2.926764761e-07 
 14 SI 28    4.023652369e-01 
 14 SI 29    4.533616868e-03 
 14 SI 30    7.966159199e-02 
 15 P  31    3.808256775e-03 
 16 S  31    3.474468917e-07 
  4 BE  8    1.000000000e-99 
  8 O  14    2.236213435e-23 
  8 O  15    2.821631323e-13 
 11 NA 21    2.415004304e-16 
 13 AL 25    5.569732536e-13 
 15 P  29    8.947226901e-11 
 15 P  30    1.459546552e-07 
 82 PB206    9.418319067e-18 
 82 PB207    1.180882948e-19 
 83 BI211    1.000000000e-99 
 84 PO210    5.679147014e-13 
  9 F  20    6.505990433e-22 
 10 NE 19    4.022894259e-20 
 11 NA 24    1.425834187e-13 
 12 MG 27    7.303137896e-12 
 12 MG 28    1.555492795e-14 
 13 AL 28    1.245168077e-08 
 13 AL 29    1.635876410e-10 
 14 SI 31    2.240883140e-06 
 14 SI 32    9.930359696e-09 
 15 P  32    5.035669148e-06 
 15 P  33    1.025935593e-05 
 15 P  34    8.004596981e-12 
 15 P  35    7.667827204e-15 
 16 S  32    3.216205927e-02 
 16 S  33    1.959926285e-03 
 16 S  34    2.343337917e-01 
 16 S  35    7.862059547e-06 
 16 S  36    4.004044753e-06 
 16 S  37    4.610445286e-15 
 16 S  38    5.135636240e-19 
 17 CL 34    5.214421828e-09 
 17 CL 35    3.161940417e-04 
 17 CL 36    4.873049394e-06 
 17 CL 37    3.777471681e-05 
 17 CL 38    3.153021307e-11 
 17 CL 39    1.745903461e-14 
 17 CL 40    1.338945159e-21 
 18 AR 35    1.642271408e-13 
 18 AR 36    5.571888024e-04 
 18 AR 37    4.046500538e-05 
 18 AR 38    4.733600658e-02 
 18 AR 39    8.199303284e-07 
 18 AR 40    1.712957565e-07 
 18 AR 41    3.586450613e-13 
 18 AR 42    2.828672456e-14 
 18 AR 43    3.475364143e-21 
 18 AR 44    2.114563138e-24 
 19 K  38    2.197724797e-10 
 19 K  39    9.434197170e-05 
 19 K  40    1.310286846e-07 
 19 K  41    1.210865499e-07 
 19 K  42    5.284436002e-11 
 19 K  43    9.308670188e-12 
 19 K  44    4.759070478e-16 
 19 K  45    3.979189390e-18 
 19 K  46    2.874346229e-23 
 20 CA 39    2.976230208e-15 
 20 CA 40    3.863660713e-05 
 20 CA 41    1.008419940e-06 
 20 CA 42    2.003661154e-04 
 20 CA 43    1.128170500e-06 
 20 CA 44    1.072824090e-05 
 20 CA 45    5.932375607e-09 
 20 CA 46    1.597639033e-09 
 20 CA 47    4.965436614e-13 
 20 CA 48    1.623870367e-14 
 20 CA 49    3.544384726e-22 
 21 SC 43    1.773162182e-09 
 21 SC 44    4.168769715e-09 
 21 SC 45    5.839966135e-07 
 21 SC 46    1.099783453e-08 
 21 SC 47    5.680825456e-09 
 21 SC 48    2.207533281e-11 
 21 SC 49    2.120985859e-12 
 21 SC 50    4.447791583e-19 
 22 TI 44    3.828096463e-09 
 22 TI 45    3.532384315e-09 
 22 TI 46    4.570024288e-06 
 22 TI 47    6.901377889e-07 
 22 TI 48    1.404168853e-05 
 22 TI 49    1.582479569e-07 
 22 TI 50    1.828647463e-07 
 22 TI 51    6.526360511e-13 
 22 TI 52    4.092166048e-17 
 23 V  47    1.763554223e-10 
 23 V  48    2.944396738e-09 
 23 V  49    4.599749076e-07 
 23 V  50    6.312158566e-08 
 23 V  51    3.135575561e-07 
 23 V  52    4.956758914e-11 
 23 V  53    8.785666378e-14 
 24 CR 48    4.847746965e-12 
 24 CR 49    1.265013435e-10 
 24 CR 50    4.973898331e-07 
 24 CR 51    2.435446619e-07 
 24 CR 52    4.294855184e-05 
 24 CR 53    1.055933307e-07 
 24 CR 54    6.093990266e-08 
 24 CR 55    1.604121944e-13 
 24 CR 56    4.577372998e-17 
 25 MN 51    1.765694461e-11 
 25 MN 52    4.310546836e-10 
 25 MN 53    3.925611220e-07 
 25 MN 54    5.897101629e-08 
 25 MN 55    9.945893461e-07 
 25 MN 56    4.936572121e-11 
 25 MN 57    1.974123096e-13 
 26 FE 52    4.723759734e-14 
 26 FE 53    2.574897661e-12 
 26 FE 54    4.818089876e-06 
 26 FE 55    4.755813977e-06 
 26 FE 56    7.218571093e-04 
 26 FE 57    1.108480213e-06 
 26 FE 58    3.244574258e-06 
 26 FE 59    3.728438721e-11 
 26 FE 60    1.772441145e-13 
 26 FE 61    2.463469312e-20 
 27 CO 55    7.668895897e-11 
 27 CO 56    8.047428771e-10 
 27 CO 57    6.189834255e-07 
 27 CO 58    5.916717894e-09 
 27 CO 59    3.286249008e-06 
 27 CO 60    9.375658884e-10 
 27 CO 61    7.167658842e-11 
 27 CO 62    6.664964840e-17 
 27 CO 63    1.828560317e-19 
 28 NI 56    3.595155997e-13 
 28 NI 57    1.599549065e-11 
 28 NI 58    2.826460467e-06 
 28 NI 59    1.155336423e-06 
 28 NI 60    7.629126129e-04 
 28 NI 61    1.972806555e-06 
 28 NI 62    7.224397746e-05 
 28 NI 63    6.487872183e-10 
 28 NI 64    4.567134714e-09 
 28 NI 65    9.704799991e-15 
 28 NI 66    6.181078179e-17 
 28 NI 67    6.926465214e-24 
 28 NI 68    1.274749552e-28 
 29 CU 60    4.221741113e-13 
 29 CU 61    2.149648020e-09 
 29 CU 62    9.589703478e-11 
 29 CU 63    5.014614520e-08 
 29 CU 64    4.987186274e-11 
 29 CU 65    1.210758530e-08 
 29 CU 66    2.929418901e-13 
 29 CU 67    2.116789570e-14 
 29 CU 68    6.898064098e-21 
 29 CU 69    1.013678684e-22 
 29 CU 70    3.335006045e-46 
 29 CU 71    9.600235170e-50 
 30 ZN 62    3.514717735e-13 
 30 ZN 63    6.868066442e-13 
 30 ZN 64    5.762069988e-09 
 30 ZN 65    2.866651527e-10 
 30 ZN 66    9.961897305e-07 
 30 ZN 67    1.778181883e-10 
 30 ZN 68    5.875815326e-08 
 30 ZN 69    1.373494848e-13 
 30 ZN 70    1.995021359e-14 
 30 ZN 71    1.631792473e-20 
 30 ZN 72    1.712278973e-22 
 30 ZN 73    1.119816996e-49 
 30 ZN 74    4.059460689e-52 
 31 GA 65    8.366377515e-16 
 31 GA 66    1.045626169e-15 
 31 GA 67    3.045053384e-11 
 31 GA 68    1.182944028e-12 
 31 GA 69    1.909646358e-09 
 31 GA 70    3.763048360e-13 
 31 GA 71    1.969349155e-11 
 31 GA 72    1.694081605e-16 
 31 GA 73    3.989099717e-17 
 31 GA 74    8.805879448e-23 
 31 GA 75    2.123098977e-25 
 32 GE 66    1.314899098e-19 
 32 GE 67    6.017765156e-17 
 32 GE 68    2.317676463e-10 
 32 GE 69    3.650898005e-11 
 32 GE 70    2.974292669e-07 
 32 GE 71    3.838766899e-10 
 32 GE 72    4.882422367e-06 
 32 GE 73    2.252239408e-10 
 32 GE 74    2.127864658e-10 
 32 GE 75    2.819098609e-15 
 32 GE 76    6.268576701e-17 
 32 GE 77    7.908969900e-23 
 32 GE 78    9.427842403e-26 
 33 AS 69    2.535572149e-18 
 33 AS 70    1.711970183e-16 
 33 AS 71    1.014192039e-12 
 33 AS 72    2.243130879e-13 
 33 AS 73    5.065936740e-10 
 33 AS 74    1.393590837e-12 
 33 AS 75    2.674112856e-10 
 33 AS 76    1.071878579e-14 
 33 AS 77    5.714712866e-14 
 33 AS 78    2.681673575e-19 
 33 AS 79    9.563558859e-20 
 33 AS 80    1.803989579e-25 
 33 AS 81    7.707047120e-28 
 34 SE 72    8.876563671e-11 
 34 SE 73    5.623645207e-11 
 34 SE 74    6.376763463e-07 
 34 SE 75    9.141450731e-09 
 34 SE 76    1.767241292e-06 
 34 SE 77    2.498562714e-10 
 34 SE 78    4.138100433e-07 
 34 SE 79    5.761981504e-11 
 34 SE 80    9.190405425e-12 
 34 SE 81    2.707910403e-16 
 34 SE 82    1.507775377e-17 
 34 SE 83    1.084306818e-23 
 34 SE 84    7.768971030e-27 
 35 BR 74    6.372285571e-19 
 35 BR 75    6.469786810e-13 
 35 BR 76    2.196638607e-13 
 35 BR 77    2.415039261e-10 
 35 BR 78    8.773875185e-13 
 35 BR 79    1.470758707e-09 
 35 BR 80    2.571355320e-12 
 35 BR 81    9.119026221e-12 
 35 BR 82    2.605588921e-15 
 35 BR 83    4.091025941e-16 
 35 BR 84    3.708271546e-21 
 35 BR 85    5.856036783e-23 
 35 BR 86    2.560362821e-48 
 35 BR 87    7.381786942e-75 
 36 KR 76    1.313615031e-11 
 36 KR 77    3.833369555e-11 
 36 KR 78    4.116747554e-07 
 36 KR 79    1.864884481e-08 
 36 KR 80    4.026756670e-06 
 36 KR 81    1.282121958e-08 
 36 KR 82    4.848291651e-07 
 36 KR 83    5.979608009e-10 
 36 KR 84    5.007415548e-09 
 36 KR 85    8.611772886e-13 
 36 KR 86    2.989377348e-13 
 36 KR 87    8.069424882e-20 
 36 KR 88    1.482348191e-25 
 36 KR 89    9.451087079e-60 
 36 KR 90    1.000000000e-99 
 37 RB 79    1.149199776e-13 
 37 RB 80    2.435937752e-14 
 37 RB 81    5.281512349e-11 
 37 RB 82    3.817678473e-13 
 37 RB 83    4.333625399e-10 
 37 RB 84    4.185920127e-12 
 37 RB 85    1.556967644e-09 
 37 RB 86    1.802591506e-11 
 37 RB 87    5.519454470e-11 
 37 RB 88    5.108912878e-17 
 37 RB 89    6.464017185e-22 
 37 RB 90    3.309612574e-32 
 37 RB 91    5.050958943e-61 
 38 SR 80    4.829348647e-17 
 38 SR 81    4.570339530e-16 
 38 SR 82    1.936274678e-10 
 38 SR 83    5.521986691e-11 
 38 SR 84    4.069798737e-08 
 38 SR 85    4.182475770e-09 
 38 SR 86    5.155457826e-07 
 38 SR 87    2.073883646e-08 
 38 SR 88    8.550368720e-07 
 38 SR 89    3.510415426e-12 
 38 SR 90    1.756759433e-16 
 38 SR 91    6.881433229e-23 
 38 SR 92    2.025788269e-29 
 38 SR 93    8.172335382e-75 
 38 SR 94    1.000000000e-99 
 39 Y  85    1.028163305e-13 
 39 Y  86    1.243760154e-13 
 39 Y  87    4.663210252e-11 
 39 Y  88    6.999596523e-11 
 39 Y  89    1.985537206e-08 
 39 Y  90    2.517944102e-13 
 39 Y  91    3.400324474e-17 
 39 Y  92    8.942052790e-23 
 39 Y  93    2.037014382e-27 
 39 Y  94    1.279556225e-51 
 39 Y  95    1.000000000e-99 
 39 Y  96    1.000000000e-99 
 40 ZR 86    3.174031310e-15 
 40 ZR 87    3.092090332e-14 
 40 ZR 88    1.670996481e-10 
 40 ZR 89    2.165682315e-10 
 40 ZR 90    2.139615519e-07 
 40 ZR 91    2.447254688e-11 
 40 ZR 92    4.046702211e-14 
 40 ZR 93    1.073951369e-18 
 40 ZR 94    3.614810692e-22 
 40 ZR 95    2.253442881e-27 
 40 ZR 96    1.150465519e-72 
 40 ZR 97    1.000000000e-99 
 40 ZR 98    1.000000000e-99 
 41 NB 89    2.042801338e-16 
 41 NB 90    2.308700971e-15 
 41 NB 91    1.041648576e-11 
 41 NB 92    8.491662710e-15 
 41 NB 93    1.250985101e-16 
 41 NB 94    4.571891721e-21 
 41 NB 95    8.956988579e-24 
 41 NB 96    8.150730457e-31 
 41 NB 97    1.760912548e-72 
 41 NB 98    1.000000000e-99 
 41 NB 99    1.000000000e-99 
 42 MO 90    9.603377949e-17 
 42 MO 91    1.237814701e-14 
 42 MO 92    7.390399012e-10 
 42 MO 93    4.941448388e-12 
 42 MO 94    3.976136535e-12 
 42 MO 95    1.492032712e-15 
 42 MO 96    1.004985520e-16 
 42 MO 97    3.418551418e-21 
 42 MO 98    6.896981465e-24 
 42 MO 99    6.762673721e-76 
 42 MO100    1.000000000e-99 
 42 MO101    1.000000000e-99 
 42 MO102    1.000000000e-99 
 43 TC 93    1.020869482e-14 
 43 TC 94    2.208972666e-14 
 43 TC 95    3.950987683e-13 
 43 TC 96    1.123192130e-15 
 43 TC 97    3.729493383e-15 
 43 TC 98    1.191023461e-19 
 43 TC 99    6.830994537e-21 
 43 TC100    6.696394973e-26 
 43 TC101    1.000000000e-99 
 43 TC102    1.000000000e-99 
 43 TC103    1.000000000e-99 
 43 TC104    1.000000000e-99 
 43 TC105    1.000000000e-99 
 44 RU 94    8.283679467e-13 
 44 RU 95    2.932771162e-12 
 44 RU 96    1.373221434e-10 
 44 RU 97    2.075132713e-12 
 44 RU 98    5.435552378e-11 
 44 RU 99    5.055599504e-14 
 44 RU100    2.586549186e-13 
 44 RU101    1.445012679e-17 
 44 RU102    9.200036206e-20 
 44 RU103    2.307725053e-24 
 44 RU104    1.776395428e-27 
 44 RU105    1.000000000e-99 
 44 RU106    1.000000000e-99 
 45 RH 98    4.303237219e-15 
 45 RH 99    1.021428939e-12 
 45 RH100    1.036378118e-14 
 45 RH101    6.485031969e-12 
 45 RH102    8.935113342e-16 
 45 RH103    9.496978604e-17 
 45 RH104    3.040857352e-21 
 45 RH105    2.043041459e-24 
 45 RH106    1.000000000e-99 
 45 RH107    1.000000000e-99 
 45 RH108    1.000000000e-99 
 46 PD 99    1.373988023e-12 
 46 PD100    1.615285961e-10 
 46 PD101    5.437389286e-12 
 46 PD102    4.116357800e-10 
 46 PD103    1.710128688e-12 
 46 PD104    3.050294309e-12 
 46 PD105    5.814223391e-16 
 46 PD106    6.028656833e-17 
 46 PD107    2.638553381e-21 
 46 PD108    1.226769951e-23 
 46 PD109    1.000000000e-99 
 46 PD110    1.000000000e-99 
 46 PD111    1.000000000e-99 
 46 PD112    1.000000000e-99 
 47 AG101    5.636346943e-18 
 47 AG102    1.076201269e-16 
 47 AG103    1.074601402e-14 
 47 AG104    2.403611542e-14 
 47 AG105    1.749257389e-11 
 47 AG106    1.137823145e-14 
 47 AG107    2.522767001e-15 
 47 AG108    3.714718486e-19 
 47 AG109    2.149521530e-20 
 47 AG110    1.383807273e-25 
 47 AG111    8.626580162e-27 
 47 AG112    1.000000000e-99 
 47 AG113    1.000000000e-99 
 48 CD102    1.067293701e-14 
 48 CD103    6.949562674e-14 
 48 CD104    2.802602681e-11 
 48 CD105    2.037294429e-12 
 48 CD106    2.513787255e-10 
 48 CD107    1.554265116e-12 
 48 CD108    1.623717890e-11 
 48 CD109    1.691394816e-14 
 48 CD110    3.468034259e-14 
 48 CD111    1.853434207e-17 
 48 CD112    8.282749388e-20 
 48 CD113    8.134857866e-24 
 48 CD114    6.725207773e-27 
 48 CD115    1.000000000e-99 
 48 CD116    1.000000000e-99 
 48 CD117    1.000000000e-99 
 48 CD118    1.000000000e-99 
 49 IN106    4.805767874e-20 
 49 IN107    5.339029397e-16 
 49 IN108    1.789241323e-15 
 49 IN109    6.127614217e-14 
 49 IN110    5.651628804e-16 
 49 IN111    5.232889522e-14 
 49 IN112    8.780919646e-16 
 49 IN113    2.299918636e-18 
 49 IN114    4.068238168e-22 
 49 IN115    4.128415266e-23 
 49 IN116    2.293138538e-26 
 49 IN117    1.000000000e-99 
 49 IN118    1.000000000e-99 
 49 IN119    1.000000000e-99 
 50 SN108    1.469709348e-12 
 50 SN109    4.201483140e-13 
 50 SN110    2.401979870e-10 
 50 SN111    6.935462882e-13 
 50 SN112    9.482105393e-10 
 50 SN113    8.252224862e-12 
 50 SN114    4.164056338e-11 
 50 SN115    3.107229728e-15 
 50 SN116    1.224666150e-15 
 50 SN117    4.723595338e-19 
 50 SN118    7.100763512e-20 
 50 SN119    1.005439955e-24 
 50 SN120    1.340860241e-24 
 50 SN121    1.000000000e-99 
 50 SN122    1.000000000e-99 
 50 SN123    1.000000000e-99 
 50 SN124    2.165420860e-40 
 50 SN125    1.000000000e-99 
 50 SN126    1.000000000e-99 
 50 SN127    1.000000000e-99 
 50 SN128    1.000000000e-99 
 50 SN129    1.000000000e-99 
 50 SN130    1.000000000e-99 
 51 SB112    4.916444175e-21 
 51 SB113    2.708444270e-18 
 51 SB114    4.682470254e-20 
 51 SB115    2.858403442e-18 
 51 SB116    3.408113574e-18 
 51 SB117    1.128964835e-16 
 51 SB118    7.518913986e-20 
 51 SB119    1.724142992e-17 
 51 SB120    1.638869041e-21 
 51 SB121    3.718409366e-23 
 51 SB122    1.000000000e-99 
 51 SB123    1.000000000e-99 
 51 SB124    1.000000000e-99 
 51 SB125    1.000000000e-99 
 51 SB126    1.000000000e-99 
 51 SB127    1.000000000e-99 
 51 SB128    1.000000000e-99 
 51 SB129    1.000000000e-99 
 51 SB130    1.000000000e-99 
 51 SB131    1.000000000e-99 
 51 SB132    1.000000000e-99 
 51 SB133    1.000000000e-99 
 52 TE114    4.696152061e-19 
 52 TE115    4.826688460e-18 
 52 TE116    3.582129724e-15 
 52 TE117    1.782447824e-16 
 52 TE118    1.019520295e-14 
 52 TE119    2.444933614e-15 
 52 TE120    3.445437397e-14 
 52 TE121    6.902983741e-17 
 52 TE122    7.472938473e-17 
 52 TE123    3.578714491e-20 
 52 TE124    1.500757060e-22 
 52 TE125    2.094613699e-26 
 52 TE126    1.000000000e-99 
 52 TE127    1.000000000e-99 
 52 TE128    1.000000000e-99 
 52 TE129    1.000000000e-99 
 52 TE130    1.000000000e-99 
 52 TE131    1.000000000e-99 
 52 TE132    1.000000000e-99 
 52 TE133    1.000000000e-99 
 52 TE134    1.000000000e-99 
 53 I 117    5.305366539e-22 
 53 I 118    7.010821190e-20 
 53 I 119    1.507028790e-16 
 53 I 120    1.875432091e-18 
 53 I 121    6.686892009e-15 
 53 I 122    1.052255927e-17 
 53 I 123    5.955638188e-16 
 53 I 124    2.965938151e-20 
 53 I 125    4.923864246e-20 
 53 I 126    3.220339300e-24 
 53 I 127    1.208315470e-24 
 53 I 128    1.000000000e-99 
 53 I 129    1.000000000e-99 
 53 I 130    1.000000000e-99 
 53 I 131    1.000000000e-99 
 53 I 132    1.000000000e-99 
 53 I 133    1.000000000e-99 
 53 I 134    1.000000000e-99 
 53 I 135    1.000000000e-99 
 54 XE118    6.626417515e-19 
 54 XE119    8.696643680e-18 
 54 XE120    3.332613442e-14 
 54 XE121    4.966036548e-15 
 54 XE122    3.128628091e-12 
 54 XE123    7.599380998e-14 
 54 XE124    1.514644680e-13 
 54 XE125    2.834817465e-16 
 54 XE126    2.122707312e-15 
 54 XE127    3.366948891e-18 
 54 XE128    2.272110891e-17 
 54 XE129    1.042511355e-22 
 54 XE130    4.503469727e-25 
 54 XE131    1.000000000e-99 
 54 XE132    1.000000000e-99 
 54 XE133    1.000000000e-99 
 54 XE134    1.000000000e-99 
 54 XE135    1.000000000e-99 
 54 XE136    1.000000000e-99 
 54 XE137    1.000000000e-99 
 54 XE138    1.000000000e-99 
 55 CS123    2.907955586e-17 
 55 CS124    1.606639014e-18 
 55 CS125    2.677434058e-15 
 55 CS126    6.339546825e-17 
 55 CS127    4.631934393e-15 
 55 CS128    3.738550619e-18 
 55 CS129    1.256043791e-18 
 55 CS130    4.539876109e-21 
 55 CS131    1.350174183e-21 
 55 CS132    6.926672530e-26 
 55 CS133    4.803732241e-26 
 55 CS134    1.448324713e-39 
 55 CS135    5.690093680e-38 
 55 CS136    1.000000000e-99 
 55 CS137    1.000000000e-99 
 55 CS138    1.000000000e-99 
 55 CS139    1.000000000e-99 
 56 BA124    7.825860143e-15 
 56 BA125    8.138209711e-16 
 56 BA126    1.997533489e-12 
 56 BA127    1.230581738e-13 
 56 BA128    6.462355734e-13 
 56 BA129    1.706043927e-15 
 56 BA130    1.442670738e-12 
 56 BA131    2.373746354e-16 
 56 BA132    3.148547721e-16 
 56 BA133    5.556864931e-19 
 56 BA134    1.732032672e-19 
 56 BA135    6.564351950e-23 
 56 BA136    1.373042591e-22 
 56 BA137    1.939224378e-27 
 56 BA138    7.963133680e-25 
 56 BA139    1.000000000e-99 
 56 BA140    1.000000000e-99 
 56 BA141    1.000000000e-99 
 56 BA142    1.000000000e-99 
 57 LA127    7.076014998e-22 
 57 LA128    1.919707537e-20 
 57 LA129    1.357370251e-15 
 57 LA130    3.638976345e-16 
 57 LA131    7.687677491e-16 
 57 LA132    6.754302756e-18 
 57 LA133    1.480186372e-15 
 57 LA134    2.629846884e-18 
 57 LA135    1.160044026e-16 
 57 LA136    2.746900952e-19 
 57 LA137    4.656008364e-21 
 57 LA138    1.194600447e-24 
 57 LA139    1.318340015e-21 
 57 LA140    2.079806119e-38 
 57 LA141    1.000000000e-99 
 57 LA142    1.000000000e-99 
 57 LA143    1.000000000e-99 
 58 CE130    3.583562248e-14 
 58 CE131    4.626299478e-15 
 58 CE132    3.333718440e-13 
 58 CE133    4.085218621e-14 
 58 CE134    1.654952531e-13 
 58 CE135    1.300456559e-15 
 58 CE136    3.018026224e-11 
 58 CE137    2.243862717e-15 
 58 CE138    1.494623937e-15 
 58 CE139    8.415776904e-20 
 58 CE140    4.002632916e-19 
 58 CE141    2.733598203e-27 
 58 CE142    1.000000000e-99 
 58 CE143    1.000000000e-99 
 58 CE144    1.000000000e-99 
 58 CE145    1.000000000e-99 
 58 CE146    1.000000000e-99 
 59 PR133    2.952009400e-18 
 59 PR134    4.858509302e-19 
 59 PR135    1.632794431e-16 
 59 PR136    3.890832053e-18 
 59 PR137    1.896153820e-16 
 59 PR138    2.475477383e-18 
 59 PR139    8.411786140e-18 
 59 PR140    1.430094554e-19 
 59 PR141    1.913332351e-20 
 59 PR142    2.913861772e-26 
 59 PR143    1.000000000e-99 
 59 PR144    1.000000000e-99 
 59 PR145    1.000000000e-99 
 59 PR146    1.000000000e-99 
 59 PR147    1.000000000e-99 
 59 PR148    1.000000000e-99 
 59 PR149    1.000000000e-99 
 60 ND134    1.578866209e-16 
 60 ND135    3.823758019e-16 
 60 ND136    8.581536232e-15 
 60 ND137    6.403689666e-16 
 60 ND138    3.804347659e-14 
 60 ND139    5.020618015e-15 
 60 ND140    1.141238779e-12 
 60 ND141    1.958365007e-16 
 60 ND142    1.966373509e-16 
 60 ND143    3.440895857e-22 
 60 ND144    1.375876713e-26 
 60 ND145    1.000000000e-99 
 60 ND146    1.000000000e-99 
 60 ND147    1.000000000e-99 
 60 ND148    1.000000000e-99 
 60 ND149    1.000000000e-99 
 60 ND150    1.000000000e-99 
 60 ND151    1.000000000e-99 
 60 ND152    1.000000000e-99 
 61 PM137    1.848534099e-21 
 61 PM138    3.822896815e-19 
 61 PM139    2.759980293e-17 
 61 PM140    1.371438605e-16 
 61 PM141    1.305979201e-17 
 61 PM142    6.375819066e-19 
 61 PM143    6.597511352e-16 
 61 PM144    2.947598747e-21 
 61 PM145    2.575778602e-25 
 61 PM146    1.000000000e-99 
 61 PM147    1.000000000e-99 
 61 PM148    1.000000000e-99 
 61 PM149    1.000000000e-99 
 61 PM150    1.000000000e-99 
 61 PM151    1.000000000e-99 
 61 PM152    1.000000000e-99 
 61 PM153    1.000000000e-99 
 61 PM154    1.000000000e-99 
 62 SM140    1.974763756e-16 
 62 SM141    2.092556008e-15 
 62 SM142    2.836259986e-14 
 62 SM143    1.075446737e-14 
 62 SM144    2.806516922e-13 
 62 SM145    5.509205039e-19 
 62 SM146    1.465207705e-21 
 62 SM147    9.768311259e-27 
 62 SM148    2.629686798e-27 
 62 SM149    1.000000000e-99 
 62 SM150    1.000000000e-99 
 62 SM151    1.000000000e-99 
 62 SM152    1.000000000e-99 
 62 SM153    1.000000000e-99 
 62 SM154    1.000000000e-99 
 62 SM155    1.000000000e-99 
 62 SM156    1.000000000e-99 
 62 SM157    1.000000000e-99 
 62 SM158    1.000000000e-99 
 63 EU143    6.694828062e-22 
 63 EU144    2.294494063e-22 
 63 EU145    1.410328440e-19 
 63 EU146    2.648274860e-22 
 63 EU147    7.120600446e-22 
 63 EU148    1.102492272e-25 
 63 EU149    2.988892684e-24 
 63 EU150    1.000000000e-99 
 63 EU151    1.000000000e-99 
 63 EU152    1.000000000e-99 
 63 EU153    1.000000000e-99 
 63 EU154    1.000000000e-99 
 63 EU155    1.000000000e-99 
 63 EU156    1.000000000e-99 
 63 EU157    1.000000000e-99 
 63 EU158    1.000000000e-99 
 63 EU159    1.000000000e-99 
 64 GD144    1.882990740e-21 
 64 GD145    1.345104273e-18 
 64 GD146    6.705180864e-17 
 64 GD147    5.615070689e-20 
 64 GD148    7.522150878e-20 
 64 GD149    3.165041972e-21 
 64 GD150    2.497368906e-20 
 64 GD151    4.855381329e-25 
 64 GD152    2.426422440e-24 
 64 GD153    1.000000000e-99 
 64 GD154    1.000000000e-99 
 64 GD155    1.000000000e-99 
 64 GD156    1.000000000e-99 
 64 GD157    1.000000000e-99 
 64 GD158    1.000000000e-99 
 64 GD159    1.000000000e-99 
 64 GD160    1.000000000e-99 
 64 GD161    1.000000000e-99 
 64 GD162    1.000000000e-99 
 65 TB147    2.455187471e-24 
 65 TB148    1.635591160e-23 
 65 TB149    1.304401046e-20 
 65 TB150    1.406518908e-22 
 65 TB151    7.369779994e-21 
 65 TB152    2.787610527e-24 
 65 TB153    6.750028362e-22 
 65 TB154    5.035421735e-26 
 65 TB155    5.529218083e-26 
 65 TB156    1.000000000e-99 
 65 TB157    1.000000000e-99 
 65 TB158    1.000000000e-99 
 65 TB159    1.000000000e-99 
 65 TB160    1.000000000e-99 
 65 TB161    1.000000000e-99 
 65 TB162    1.000000000e-99 
 65 TB163    1.000000000e-99 
 65 TB164    1.000000000e-99 
 65 TB165    1.000000000e-99 
 66 DY148    4.028299395e-21 
 66 DY149    2.249680417e-22 
 66 DY150    5.523033395e-21 
 66 DY151    9.981742611e-21 
 66 DY152    4.681169631e-19 
 66 DY153    2.115514779e-20 
 66 DY154    7.498860438e-19 
 66 DY155    1.330184901e-21 
 66 DY156    4.361528977e-21 
 66 DY157    7.631622732e-25 
 66 DY158    2.011178908e-24 
 66 DY159    1.000000000e-99 
 66 DY160    1.000000000e-99 
 66 DY161    1.000000000e-99 
 66 DY162    1.000000000e-99 
 66 DY163    1.000000000e-99 
 66 DY164    1.000000000e-99 
 66 DY165    1.000000000e-99 
 66 DY166    1.000000000e-99 
 66 DY167    1.000000000e-99 
 66 DY168    1.000000000e-99 
 67 HO153    2.276595480e-23 
 67 HO154    3.506487580e-20 
 67 HO155    3.556205280e-19 
 67 HO156    1.535905314e-22 
 67 HO157    3.609197202e-20 
 67 HO158    2.307094841e-24 
 67 HO159    8.740348169e-23 
 67 HO160    4.288927296e-27 
 67 HO161    6.721164955e-27 
 67 HO162    1.000000000e-99 
 67 HO163    1.000000000e-99 
 67 HO164    1.000000000e-99 
 67 HO165    1.000000000e-99 
 67 HO166    1.000000000e-99 
 67 HO167    1.000000000e-99 
 67 HO168    1.000000000e-99 
 67 HO169    1.000000000e-99 
 68 ER154    1.573757329e-20 
 68 ER155    6.197788543e-20 
 68 ER156    8.950571074e-18 
 68 ER157    2.839232266e-20 
 68 ER158    5.827107699e-19 
 68 ER159    1.586722929e-18 
 68 ER160    7.107668825e-19 
 68 ER161    6.520609605e-22 
 68 ER162    1.088184266e-21 
 68 ER163    3.214884110e-26 
 68 ER164    3.661115341e-25 
 68 ER165    1.000000000e-99 
 68 ER166    1.000000000e-99 
 68 ER167    1.000000000e-99 
 68 ER168    1.000000000e-99 
 68 ER169    1.000000000e-99 
 68 ER170    1.000000000e-99 
 68 ER171    1.000000000e-99 
 68 ER172    1.000000000e-99 
 68 ER173    1.000000000e-99 
 68 ER174    1.000000000e-99 
 68 ER175    1.000000000e-99 
 69 TM159    9.086152268e-19 
 69 TM160    8.864052618e-21 
 69 TM161    1.326834818e-19 
 69 TM162    1.165903095e-20 
 69 TM163    4.232681323e-20 
 69 TM164    2.742057819e-23 
 69 TM165    4.174731253e-23 
 69 TM166    3.461492486e-27 
 69 TM167    6.332968201e-26 
 69 TM168    1.000000000e-99 
 69 TM169    1.000000000e-99 
 69 TM170    1.000000000e-99 
 69 TM171    1.000000000e-99 
 69 TM172    1.000000000e-99 
 69 TM173    1.000000000e-99 
 69 TM174    1.000000000e-99 
 69 TM175    1.000000000e-99 
 69 TM176    1.000000000e-99 
 70 YB160    1.280818246e-18 
 70 YB161    4.384020587e-19 
 70 YB162    1.019005049e-17 
 70 YB163    2.963967390e-19 
 70 YB164    1.497317048e-17 
 70 YB165    1.893781801e-20 
 70 YB166    4.253047863e-19 
 70 YB167    8.660197355e-23 
 70 YB168    1.018046999e-21 
 70 YB169    4.010076246e-27 
 70 YB170    3.230739110e-24 
 70 YB171    1.000000000e-99 
 70 YB172    1.000000000e-99 
 70 YB173    1.000000000e-99 
 70 YB174    1.000000000e-99 
 70 YB175    1.000000000e-99 
 70 YB176    1.000000000e-99 
 70 YB177    1.000000000e-99 
 70 YB178    1.000000000e-99 
 70 YB179    1.000000000e-99 
 70 YB180    1.000000000e-99 
 71 LU165    2.335608285e-19 
 71 LU166    8.801766999e-23 
 71 LU167    2.299022244e-19 
 71 LU168    7.616841313e-22 
 71 LU169    9.308337425e-21 
 71 LU170    2.210196488e-24 
 71 LU171    3.775191996e-24 
 71 LU172    1.000000000e-99 
 71 LU173    1.000000000e-99 
 71 LU174    1.000000000e-99 
 71 LU175    1.000000000e-99 
 71 LU176    1.000000000e-99 
 71 LU177    1.000000000e-99 
 71 LU178    1.000000000e-99 
 71 LU179    1.000000000e-99 
 71 LU180    1.000000000e-99 
 71 LU181    1.000000000e-99 
 71 LU182    1.000000000e-99 
 72 HF166    5.279906619e-18 
 72 HF167    6.361346665e-19 
 72 HF168    1.835606283e-17 
 72 HF169    2.641473035e-19 
 72 HF170    3.795900988e-18 
 72 HF171    7.357285154e-22 
 72 HF172    1.385552329e-19 
 72 HF173    7.372065484e-24 
 72 HF174    2.024316163e-23 
 72 HF175    1.000000000e-99 
 72 HF176    1.000000000e-99 
 72 HF177    1.000000000e-99 
 72 HF178    1.000000000e-99 
 72 HF179    1.000000000e-99 
 72 HF180    1.000000000e-99 
 72 HF181    1.000000000e-99 
 72 HF182    1.000000000e-99 
 72 HF183    1.000000000e-99 
 72 HF184    1.000000000e-99 
 72 HF185    1.000000000e-99 
 73 TA169    7.470527855e-20 
 73 TA170    1.471831715e-19 
 73 TA171    5.643435822e-18 
 73 TA172    1.080028794e-21 
 73 TA173    1.085799266e-18 
 73 TA174    9.926912930e-23 
 73 TA175    1.758762673e-20 
 73 TA176    4.290240315e-25 
 73 TA177    5.732267427e-25 
 73 TA178    1.000000000e-99 
 73 TA179    1.000000000e-99 
 73 TA180    1.000000000e-99 
 73 TA181    1.000000000e-99 
 73 TA182    1.000000000e-99 
 73 TA183    1.000000000e-99 
 73 TA184    1.000000000e-99 
 73 TA185    1.000000000e-99 
 73 TA186    1.000000000e-99 
 74 W 172    5.035613447e-18 
 74 W 173    2.764993967e-19 
 74 W 174    5.488426319e-18 
 74 W 175    1.555139815e-20 
 74 W 176    7.167407876e-19 
 74 W 177    1.910664991e-22 
 74 W 178    3.158928967e-21 
 74 W 179    9.742627501e-26 
 74 W 180    3.621198515e-27 
 74 W 181    1.000000000e-99 
 74 W 182    1.000000000e-99 
 74 W 183    1.000000000e-99 
 74 W 184    1.000000000e-99 
 74 W 185    1.000000000e-99 
 74 W 186    1.000000000e-99 
 74 W 187    1.000000000e-99 
 74 W 188    1.000000000e-99 
 74 W 189    1.000000000e-99 
 74 W 190    1.000000000e-99 
 75 RE175    4.699694301e-18 
 75 RE176    1.651005483e-18 
 75 RE177    1.363913997e-18 
 75 RE178    6.637613108e-20 
 75 RE179    2.602156069e-19 
 75 RE180    2.392072981e-23 
 75 RE181    1.763098785e-23 
 75 RE182    1.000000000e-99 
 75 RE183    1.000000000e-99 
 75 RE184    1.000000000e-99 
 75 RE185    1.000000000e-99 
 75 RE186    1.000000000e-99 
 75 RE187    1.000000000e-99 
 75 RE188    1.000000000e-99 
 75 RE189    1.000000000e-99 
 75 RE190    1.000000000e-99 
 75 RE191    1.000000000e-99 
 76 OS179    1.582335674e-19 
 76 OS180    6.131390223e-18 
 76 OS181    1.008621970e-20 
 76 OS182    2.495404369e-19 
 76 OS183    3.400962541e-24 
 76 OS184    1.076579530e-23 
 76 OS185    1.265877280e-31 
 76 OS186    1.000000000e-99 
 76 OS187    1.000000000e-99 
 76 OS188    1.000000000e-99 
 76 OS189    1.000000000e-99 
 76 OS190    1.000000000e-99 
 76 OS191    1.000000000e-99 
 76 OS192    1.000000000e-99 
 76 OS193    1.000000000e-99 
 76 OS194    1.000000000e-99 
 76 OS195    1.000000000e-99 
 76 OS196    1.000000000e-99 
 77 IR181    2.502979027e-18 
 77 IR182    6.572900527e-20 
 77 IR183    4.394610067e-18 
 77 IR184    6.822922185e-22 
 77 IR185    1.423887970e-21 
 77 IR186    8.206184824e-27 
 77 IR187    1.484076194e-27 
 77 IR188    1.000000000e-99 
 77 IR189    1.000000000e-99 
 77 IR190    1.000000000e-99 
 77 IR191    1.000000000e-99 
 77 IR192    1.000000000e-99 
 77 IR193    1.000000000e-99 
 77 IR194    1.000000000e-99 
 77 IR195    1.000000000e-99 
 77 IR196    1.000000000e-99 
 77 IR197    1.000000000e-99 
 78 PT184    7.360460249e-18 
 78 PT185    2.460514229e-21 
 78 PT186    2.556974090e-19 
 78 PT187    2.892368883e-22 
 78 PT188    5.301424366e-26 
 78 PT189    2.973877918e-40 
 78 PT190    9.303654097e-27 
 78 PT191    1.000000000e-99 
 78 PT192    1.000000000e-99 
 78 PT193    1.000000000e-99 
 78 PT194    1.000000000e-99 
 78 PT195    1.000000000e-99 
 78 PT196    1.000000000e-99 
 78 PT197    1.000000000e-99 
 78 PT198    1.000000000e-99 
 78 PT199    1.000000000e-99 
 78 PT200    1.000000000e-99 
 78 PT201    1.000000000e-99 
 78 PT202    1.000000000e-99 
 79 AU185    2.144860145e-22 
 79 AU186    7.179410731e-21 
 79 AU187    1.763663978e-18 
 79 AU188    5.269091314e-20 
 79 AU189    1.176885554e-21 
 79 AU190    5.641191452e-24 
 79 AU191    7.487955378e-26 
 79 AU192    1.992284564e-27 
 79 AU193    6.141754496e-26 
 79 AU194    1.000000000e-99 
 79 AU195    7.984249537e-29 
 79 AU196    1.000000000e-99 
 79 AU197    1.000000000e-99 
 79 AU198    1.000000000e-99 
 79 AU199    1.000000000e-99 
 79 AU200    1.000000000e-99 
 79 AU201    1.000000000e-99 
 79 AU202    1.000000000e-99 
 79 AU203    1.000000000e-99 
 80 HG189    1.950615936e-18 
 80 HG190    1.097274531e-18 
 80 HG191    1.188682299e-18 
 80 HG192    3.036653323e-21 
 80 HG193    2.744421111e-22 
 80 HG194    6.004424934e-22 
 80 HG195    3.244170466e-22 
 80 HG196    6.092313191e-23 
 80 HG197    8.751912600e-24 
 80 HG198    5.532062109e-25 
 80 HG199    1.082127654e-25 
 80 HG200    5.825009326e-27 
 80 HG201    1.000000000e-99 
 80 HG202    1.000000000e-99 
 80 HG203    1.000000000e-99 
 80 HG204    1.000000000e-99 
 80 HG205    1.000000000e-99 
 80 HG206    1.000000000e-99 
 80 HG207    1.000000000e-99 
 80 HG208    1.000000000e-99 
 81 TL192    1.621109635e-20 
 81 TL193    2.362523720e-20 
 81 TL194    1.119542884e-22 
 81 TL195    2.627037795e-20 
 81 TL196    8.831726557e-24 
 81 TL197    2.421462460e-21 
 81 TL198    2.052286392e-23 
 81 TL199    3.502338668e-22 
 81 TL200    5.381196323e-25 
 81 TL201    1.191187450e-24 
 81 TL202    8.205491417e-25 
 81 TL203    2.718288668e-25 
 81 TL204    3.879061033e-25 
 81 TL205    8.726793390e-24 
 81 TL206    1.000000000e-99 
 81 TL207    1.000000000e-99 
 81 TL208    1.000000000e-99 
 81 TL209    1.000000000e-99 
 81 TL210    1.000000000e-99 
 82 PB193    1.395468097e-19 
 82 PB194    9.720732783e-19 
 82 PB195    1.235785805e-19 
 82 PB196    4.860256736e-17 
 82 PB197    2.026620453e-19 
 82 PB198    1.523290661e-18 
 82 PB199    1.534757660e-19 
 82 PB200    5.594664709e-18 
 82 PB201    7.932965972e-19 
 82 PB202    2.223125524e-17 
 82 PB203    8.763693887e-20 
 82 PB204    9.978278365e-18 
 82 PB205    9.166336660e-20 
 82 PB208    5.035805120e-23 
 82 PB209    1.000000000e-99 
 82 PB210    1.000000000e-99 
 82 PB211    1.000000000e-99 
 83 BI202    2.545168279e-20 
 83 BI203    2.185300555e-20 
 83 BI204    5.199354465e-20 
 83 BI205    4.062508929e-20 
 83 BI206    8.212063144e-20 
 83 BI207    1.140005078e-20 
 83 BI208    2.472327496e-21 
 83 BI209    4.069939506e-20 
 83 BI210    6.830730681e-31 
 13 AL*26    0.0000000000E+00
 36 KR*85    0.0000000000E+00
 48 CD*15    0.0000000000E+00
 71 LU*76    0.0000000000E+00
 73 TAg80    0.0000000000E+00
