# Table 3 of Woosley et al 1990 ApJ 356 272
# Neutral current branching ratios
#
# Note that these branchings are for average neutrino energies of 8 MeV
#
#
#
#Z   A  el      B_n      B_p      B_alpha  B_gamma
18
 2   4  HE  4   4.71e-1  5.16e-1  1.0e-99  1.0e-99
 6  12  C  12   9.20e-1  3.34e-1  3.71e-2  4.81e-1
 7  14  N  14   1.19e-1  8.41e-1  2.42e-2  1.27e-2
 8  16  0  16   1.93e-1  6.93e-1  7.10e-3  1.07e-1
10  20  NE 20   1.14e-1  7.93e-1  5.98e-4  9.27e-2
12  24  MG 24   9.57e-2  6.32e-1  1.85e-4  2.72e-1
14  28  SI 28   3.03e-2  4.05e-1  1.0e-99  5.65e-1
16  32  S  32   1.79e-2  8.75e-1  1.0e-99  1.07e-1
18  36  AR 36   3.06e-2  8.81e-1  2.90e-3  8.55e-2
20  40  CA 40   5.59e-2  9.41e-1  2.00e-3  1.0e-99
22  44  TI 44   2.40e-2  5.35e-1  1.35e-3  4.40e-1
24  48  CR 48   1.39e-2  5.14e-1  1.0e-99  4.72e-1
26  52  FE 52   5.77e-3  7.55e-1  1.0e-99  2.39e-1
26  56  FE 56   1.58e-1  2.12e-2  1.06e-2  8.10e-1
28  56  NI 56   1.59e-3  1.86e-1  1.0e-99  8.13e-1
30  60  ZN 60   1.08e-3  7.54e-1  1.08e-4  2.45e-1
32  64  GE 64   6.39e-4  9.88e-1  1.42e-4  1.14e-2
34  68  SE 68   3.81e-4  9.97e-1  1.0e-99  2.69e-3
