# Electron and anti-electron neutrino capture cross sections for several nuclei
# from Woosley et al 1990 Apj 356 272
# Target Z A el, Product Z A el, T_nue (MeV)
#
17 # number of targets
                3        4        5        6
# (nu,e-)
2   4   HE  4   5.30e-4  7.42e-3  3.81e-2  1.25e-1
6   12  C  12   5.40e-3  3.20e-2  1.04e-1  2.54e-1
7   14  N  14   2.76e-2  1.10e-1  2.83e-1  5.78e-1
8   16  O  16   1.05e-3  1.03e-2  4.41e-2  1.29e-1
10  20  NE 20   3.35e-3  2.74e-2  1.01e-1  2.62e-1
12  24  MG 24   9.13e-3  6.46e-2  2.12e-1  4.99e-1
14  28  SI 28   1.41e-2  8.80e-2  2.70e-1  6.06e-1
16  32  S  32   1.33e-2  8.17e-2  2.48e-1  5.55e-1
18  36  AR 36   4.77e-3  3.15e-2  1.04e-1  2.48e-1
20  40  CA 40   6.70e-4  9.98e-3  4.40e-2  1.23e-1
22  44  TI 44   9.39e-3  5.07e-2  1.51e-1  3.37e-1
24  48  CR 48   3.02e-2  1.24e-1  3.00e-1  6.16e-1
26  52  FE 52   1.31e-2  8.21e-2  2.47e-1  5.42e-1
26  56  FE 56   2.55e-2  1.37e-1  3.77e-1  7.79e-1
28  56  NI 56   2.07e-1  6.28e-1  1.29e0   2.19e0
30  60  ZN 60   1.28e-2  8.74e-2  2.70e-1  6.03e-1
32  64  GE 64   2.13e-2  1.20e-1  3.39e-1  7.12e-1
# (nubar,e+)
2   4   HE  4   4.39e-4  5.70e-3  2.63e-2  7.85e-2
6   12  C  12   6.82e-3  3.10e-2  8.45e-2  1.79e-1
7   14  N  14   4.17e-2  1.20e-1  2.49e-1  4.35e-1
8   16  O  16   1.49e-3  1.03e-2  3.56e-2  8.88e-2
10  20  NE 20   7.57e-3  4.02e-2  1.17e-1  2.56e-1
12  24  MG 24   2.70e-2  1.07e-1  2.59e-1  4.99e-1
14  28  SI 28   5.18e-2  1.63e-1  3.53e-1  6.34e-1
16  32  S  32   5.96e-2  1.70e-1  3.52e-1  6.16e-1
18  36  AR 36   2.53e-2  7.68e-2  1.71e-1  3.19e-1
20  40  CA 40   5.29e-3  3.15e-2  9.08e-2  1.93e-1
22  44  TI 44   5.27e-2  1.25e-1  2.40e-1  4.09e-1
24  48  CR 48   6.41e-2  1.57e-1  3.00e-1  5.02e-1
26  52  FE 52   9.86e-2  2.24e-1  4.09e-1  6.57e-1
26  56  FE 56   1.74e-1  3.40e-1  5.63e-1  8.46e-1
28  56  NI 56   5.67e-2  1.62e-1  3.29e-1  5.61e-1
30  60  ZN 60   9.88e-2  2.42e-1  4.51e-1  7.27e-1
32  64  GE 64   1.49e-1  3.13e-1  5.38e-1  8.24e-1

