C Maria Lugaro gave this file to Falk Herwig around 2003. It originates in Gallino's group in Torino. 
C
C ISOT.       Ni(AG89)      Xi(AG89)no      Ni(GR91)      Xi(GR91)                 these columns show the      
C these data are decreased by the factor 1.017 as input data in impterem       errors on the solar abundance 
C long-lived isotopes (*) are given at the formation of the solar system         and that on the neutron
C i.e. 4.55e9 yr ago                                                 atom %     capture cross section (these
C                                                                              (last should probably be updated) 
C  Marco   October 2005                                               AG89      sigperc sigperc*Ni MACSperc
D NEUT      2.790D+10     1.000D-99	2.790d+10     7.057d-01      99.9966	  0.0  0.000D+00  0.
C h   1     2.790D+10     7.057D-01	2.790d+10     7.057d-01      99.9966	  0.0  0.000D+00  0.
D PROT      2.790D+10     7.057D-01	2.790d+10     7.057d-01      99.9966	  0.0  0.000D+00  0.
D h   2     9.490D+05     4.801D-05	9.490d+05     4.801d-05       0.0034	  0.0  0.000D+00  0.
D he  3     3.860D+05     2.929D-05	3.860d+05     2.929d-05       0.0142	  0.0  0.000D+00  0.
D he  4     2.720D+09     2.752D-01	2.720d+09     2.752d-01      99.9858	  0.0  0.000D+00  0.
D li  6     4.280D+00     6.496D-10	4.280d+00     6.496d-10       7.5	  9.2  3.938D-01  0.
D li  7     5.282D+01     9.353D-09	5.282d+01     9.352d-09      92.5	  9.2  4.859D+00  0.
D be  9     7.300D-01     1.662D-10	7.300d-01     1.662d-10     100.0	  9.5  6.935D-02  0.
D b  10     4.220D+00     1.067D-09	4.220d+00     1.067d-09      19.9	 10.0  4.220D-01  0.
D b  11     1.698D+01     4.725D-09	1.698d+01     4.725d-09      80.1	 10.0  1.698D+00  0.
D c  12     9.990D+06     3.032D-03	1.095d+07     3.325d-03      98.90	  0.0  0.000D+00  6.5
D c  13     1.110D+05     3.650D-05	1.218d+05     4.006d-05       1.10	  0.0  0.000D+00  39.13
D n  14     3.120D+06     1.105D-03	2.781d+06     9.847d-04      99.634	  0.0  0.000D+00  170.73
D n  15     1.150D+04     4.363D-06	1.021d+04     3.876d-06       0.366	  0.0  0.000D+00  0.
D o  16     2.370D+07     9.592D-03	2.370d+07     9.592d-03      99.762	 10.0  2.370D+06  0.
D o  17     9.040D+03     3.887D-06	9.040d+03     3.887d-06       0.038	 10.0  9.040D+02  0.
D o  18     4.760D+04     2.167D-05	4.760d+04     2.167d-05       0.200	 10.0  4.760D+03  0.
D f  19     8.430D+02     4.051D-07	8.430d+02     4.051d-07     100.0	 15.0  1.265D+02  19.30
D ne 20     3.200D+06     1.619D-03	3.200d+06     1.619d-03      92.99	 14.0  4.480D+05  9.24
D ne 21     7.770D+03     4.127D-06	7.770d+03     4.127d-06       0.226	 14.0  1.088D+03  50.
D ne 22     2.340D+05     1.302D-04	2.340d+05     1.302d-04       6.79	 14.0  3.276D+04  8.33
D na 23     5.740D+04     3.339D-05	5.740d+04     3.339d-05     100.0	  7.1  4.075D+03  9.52
D mg 24     8.480D+05     5.148D-04	8.480d+05     5.148d-04      78.99	  3.8  3.222D+04  4.76
D mg 25     1.070D+05     6.766D-05	1.070d+05     6.766d-05      10.00	  3.8  4.066D+03  4.62
D mg 26     1.180D+05     7.760D-05	1.180d+05     7.760d-05      11.01	  3.8  4.484D+03  4.55
D al 27     8.490D+04     5.798D-05	8.490d+04     5.798d-05     100.0	  3.6  3.056D+03  7.89
D si 28     9.220D+05     6.530D-04	9.220d+05     6.530d-04      92.23	  4.4  4.057D+04  11.43
D si 29     4.670D+04     3.426D-05	4.670d+04     3.426d-05       4.67	  4.4  2.055D+03  11.39
D si 30     3.100D+04     2.352D-05	3.100d+04     2.352d-05       3.10	  4.4  1.364D+03  9.38
D p  31     1.040D+04     8.155D-06	1.040d+04     8.155d-06     100.0	 10.0  1.040D+03  5.17
D s  32     4.890D+05     3.958D-04	4.890d+05     3.958d-04      95.02	 13.0  6.357D+04  4.26
D s  33     3.860D+03     3.222D-06	3.860d+03     3.222d-06       0.75	 13.0  5.018D+02  20.27
D s  34     2.170D+04     1.866D-05	2.170d+04     1.866d-05       4.21	 13.0  2.821D+03  31.03
D s  36     1.030D+02     9.379D-08	1.030d+02     9.379d-08       0.02	 13.0  1.339D+01  50.
D cl 35     2.860D+03     2.532D-06	2.860d+03     2.532d-06      75.77	 15.0  4.290D+02  3.0
D cl 37     9.130D+02     8.545D-07	9.130d+02     8.545d-07      24.23	 15.0  1.370D+02  3.72
D ar 36     8.500D+04     7.740D-05	8.500d+04     7.740d-05      84.2	  6.0  5.100D+03  50.
D ar 38     1.600D+04     1.538D-05	1.600d+04     1.538d-05      15.8	  6.0  9.600D+02  50.
D ar 40     2.500D+01     2.529D-08	2.500d+01     2.529d-08       0 	  6.0  1.500D+00  6.44
D k  39     3.516D+03     3.469D-06	3.516d+03     3.468d-06      93.2581	  7.7  2.707D+02  3.39
D k  40     5.480D+00     5.545D-09	5.480d+00     5.545d-09       0.01167	  7.7  4.220D-01  50.
D k  41     2.537D+02     2.631D-07	2.537d+02     2.631d-07       6.7302	  7.7  1.953D+01  3.18
D ca 40     5.920D+04     5.990D-05	5.920d+04     5.990d-05      96.941	  7.1  4.203D+03  10.45
D ca 42     3.950D+02     4.196D-07	3.950d+02     4.196d-07       0.647	  7.1  2.804D+01  12.82
D ca 43     8.250D+01     8.973D-08	8.250d+01     8.973d-08       0.135	  7.1  5.857D+00  11.76
D ca 44     1.275D+03     1.419D-06	1.275d+03     1.419d-06       2.086	  7.1  9.052D+01  14.77
D ca 46     2.400D+00     2.793D-09	2.400d+00     2.793d-09       0.004	  7.1  1.704D-01  9.26
D ca 48     1.140D+02     1.384D-07	1.140d+02     1.384d-07       0.187	  7.1  8.094D+00  10.11
D sc 45     3.420D+01     3.893D-08	3.420d+01     3.893d-08     100.0	  8.6  2.941D+00  7.01
D ti 46     1.920D+02     2.234D-07	1.920d+02     2.234d-07       8.0	  5.0  9.600D+00  12.08
D ti 47     1.750D+02     2.081D-07	1.750d+02     2.080d-07       7.3	  5.0  8.750D+00  11.88
D ti 48     1.771D+03     2.150D-06	1.771d+03     2.150d-06      73.8	  5.0  8.855D+01  16.56
D ti 49     1.320D+02     1.636D-07	1.320d+02     1.636d-07       5.5	  5.0  6.600D+00  9.50
D ti 50     1.300D+02     1.644D-07	1.300d+02     1.644d-07       5.4	  5.0  6.500D+00  12.50
D v  50     7.320D-01     9.258D-10	7.320d-01     9.258d-10       0.250	  5.1  3.733D-02  50.
D v  51     2.920D+02     3.767D-07	2.920d+02     3.767d-07      99.750	  5.1  1.489D+01  7.14
D cr 50     5.870D+02     7.424D-07	5.870d+02     7.424d-07       4.345	  7.6  4.461D+01  24.86
D cr 52     1.131D+04     1.488D-05	1.131d+04     1.488d-05      83.789	  7.6  8.596D+02  5.01
D cr 53     1.283D+03     1.720D-06	1.283d+03     1.720d-06       9.501	  7.6  9.751D+01  17.24
D cr 54     3.190D+02     4.357D-07	3.190d+02     4.357d-07       2.365	  7.6  2.424D+01  23.88
D mn 55     9.550D+03     1.329D-05	9.550d+03     1.329d-05     100.0	  9.6  9.168D+02  6.04
D fe 54     5.220D+04     7.130D-05	5.220d+04     7.130d-05       5.8	  2.7  1.409D+03  8.66
D fe 56     8.250D+05     1.169D-03	8.250d+05     1.169d-03      91.72	  2.7  2.228D+04  4.07    
D fe 57     1.980D+04     2.855D-05	1.980d+04     2.855d-05       2.2	  2.7  5.346D+02  10.0
D fe 58     2.520D+03     3.697D-06	2.520d+03     3.697d-06       0.28	  2.7  6.804D+01  10.16   
D co 59     2.250D+03     3.358D-06	2.250d+03     3.358d-06     100.0	  6.6  1.485D+02  10.0
D ni 58     3.370D+04     4.944D-05	3.370d+04     4.944d-05      68.27	  5.1  1.719D+03  6.62
D ni 60     1.290D+04     1.958D-05	1.290d+04     1.958d-05      26.10	  5.1  6.579D+02  5.24
D ni 61     5.570D+02     8.594D-07	5.570d+02     8.594d-07       1.13	  5.1  2.841D+01  9.72
D ni 62     1.770D+03     2.776D-06	1.770d+03     2.776d-06       3.59	  5.1  9.027D+01  11.27
D ni 64     4.490D+02     7.269D-07	4.490d+02     7.269d-07       0.91	  5.1  2.290D+01  10.68   
D cu 63     3.610D+02     5.753D-07	3.610d+02     5.753d-07      69.17	 11.0  3.971D+01  15.05
D cu 65     1.610D+02     2.647D-07	1.610d+02     2.647d-07      30.83	 11.0  1.771D+01  9.43
D zn 64     6.130D+02     9.924D-07	6.130d+02     9.924d-07      48.63	  4.4  2.697D+01  8.47
D zn 66     3.520D+02     5.877D-07	3.520d+02     5.876d-07      27.90	  4.4  1.549D+01  8.57
D zn 67     5.170D+01     8.762D-08	5.170d+01     8.762d-08       4.10	  4.4  2.275D+00  9.80
D zn 68     2.360D+02     4.059D-07	2.360d+02     4.059d-07      18.75	  4.4  1.038D+01  12.5
D zn 70     7.800D+00     1.381D-08	7.800d+00     1.381d-08       0.62	  4.4  3.432D-01  50.
D ga 69     2.270D+01     3.962D-08	2.270d+01     3.962d-08      60.108	  6.9  1.566D+00  8.72
D ga 71     1.510D+01     2.712D-08	1.510d+01     2.712d-08      39.892	  6.9  1.042D+00  5.74
D ge 70     2.440D+01     4.320D-08	2.440d+01     4.320d-08      20.5	  9.6  2.342D+00  5.81
D ge 72     3.260D+01     5.937D-08	3.260d+01     5.937d-08      27.4	  9.6  3.130D+00  28.07
D ge 73     9.280D+00     1.714D-08	9.280d+00     1.714d-08       7.8	  9.6  8.909D-01  29.23
D ge 74     4.340D+01     8.124D-08	4.340d+01     8.124d-08      36.5	  9.6  4.166D+00  11.11
D ge 76     9.280D+00     1.784D-08	9.280d+00     1.784d-08       7.8	  9.6  8.909D-01  8.12
D as 75     6.560D+00     1.245D-08	6.560d+00     1.244d-08     100.0	 12.0  7.872D-01  3.96
D se 74     5.500D-01     1.030D-09	5.500d-01     1.029d-09       0.88	  6.4  3.520D-02  50.
D se 76     5.600D+00     1.077D-08	5.600d+00     1.077d-08       9.0	  6.4  3.584D-01  4.88
D se 77     4.700D+00     9.154D-09	4.700d+00     9.154d-09       7.6	  6.4  3.008D-01  29.48
D se 78     1.470D+01     2.900D-08	1.470d+01     2.900d-08      23.6	  6.4  9.408D-01  20.0
D se 80     3.090D+01     6.253D-08	3.090d+01     6.253d-08      49.7	  6.4  1.978D+00  6.82
D se 82     5.700D+00     1.182D-08	5.700d+00     1.182d-08       9.2	  6.4  3.648D-01  50.
D br 79     5.980D+00     1.195D-08	5.980d+00     1.195d-08      50.69	 19.0  1.136D+00  4.05
D br 81     5.820D+00     1.192D-08	5.820d+00     1.192d-08      49.31	 19.0  1.106D+00  4.10
D kr 78     1.530D-01     3.019D-10	1.530d-01     3.019d-10       0.339	 18.0  2.754D-02  12.17
D kr 80     9.990D-01     2.022D-09	9.990d-01     2.022d-09       2.22	 18.0  1.798D-01  5.83
D kr 82     5.150D+00     1.068D-08	5.150d+00     1.068d-08      11.45	 18.0  9.270D-01  7.69
D kr 83     5.160D+00     1.083D-08	5.160d+00     1.083d-08      11.47	 18.0  9.288D-01  6.41
D kr 84     2.570D+01     5.461D-08	2.570d+01     5.461d-08      57.11	 18.0  4.626D+00  11.76   
D kr 86     7.840D+00     1.705D-08	7.840d+00     1.705d-08      17.42	 18.0  1.411D+00  7.06    1
D rb 85     5.120D+00     1.101D-08	5.120d+00     1.101d-08      72.165	  6.6  3.379D-01  3.75
D rb 87     2.110D+00     4.643D-09	2.110d+00     4.643d-09      27.835	  6.6  1.393D-01  9.7	  
D sr 84     1.320D-01     2.805D-10	1.320d-01     2.805d-10       0.56	  8.1  1.069D-02  50.
D sr 86     2.320D+00     5.047D-09	2.320d+00     5.047d-09       9.86	  8.1  1.879D-01  3.54
D sr 87     1.510D+00     3.569D-09	1.510d+00     3.323d-09       7.00	  8.1  1.223D-01  3.58
D sr 88     1.941D+01     4.321D-08	1.941d+01     4.321d-08      82.58	  8.1  1.572D+00  2.68    1
D y  89     4.640D+00     1.045D-08	4.640d+00     1.045d-08     100.0	  6.0  2.784D-01  2.82    
D zr 90     5.870D+00     1.336D-08	5.870d+00     1.336d-08      51.45	  6.4  3.757D-01  10.58   
D zr 91     1.280D+00     2.946D-09	1.280d+00     2.946d-09      11.22	  6.4  8.192D-02  13.33
D zr 92     1.960D+00     4.561D-09	1.960d+00     4.561d-09      17.15	  6.4  1.254D-01  12.12
D zr 94     1.980D+00     4.708D-09	1.980d+00     4.708d-09      17.38	  6.4  1.267D-01  3.50
D zr 96     3.200D-01     7.771D-10	3.200d-01     7.770d-10       2.80	  6.4  2.048D-02  3.45    
D nb 93     6.980D-01     1.642D-09	6.980d-01     1.642d-09     100.0	  1.4  9.772D-03  5.54
D mo 92     3.780D-01     8.797D-10	3.780d-01     8.796d-10      14.84	  5.5  2.079D-02  14.28
D mo 94     2.360D-01     5.611D-10	2.360d-01     5.611d-10       9.25	  5.5  1.298D-02  4.11
D mo 95     4.060D-01     9.756D-10	4.060d-01     9.756d-10      15.92	  5.5  2.233D-02  4.46
D mo 96     4.250D-01     1.032D-09	4.250d-01     1.032d-09      16.68	  5.5  2.338D-02  4.13
D mo 97     2.440D-01     5.987D-10	2.440d-01     5.987d-10       9.55	  5.5  1.342D-02  5.05
D mo 98     6.150D-01     1.525D-09	6.150d-01     1.524d-09      24.13	  5.5  3.383D-02  14.70
D mo100     2.460D-01     6.223D-10	2.460d-01     6.222d-10       9.63	  5.5  1.353D-02  20.62
D ru 96     1.030D-01     2.501D-10	1.030d-01     2.501d-10       5.52	  5.4  5.562D-03  22.22
D ru 98     3.500D-02     8.676D-11	3.500d-02     8.676d-11       1.88	  5.4  1.890D-03  50.
D ru 99     2.360D-01     5.910D-10	2.360d-01     5.910d-10      12.7	  5.4  1.274D-02  50.
D ru100     2.340D-01     5.919D-10	2.340d-01     5.919d-10      12.6	  5.4  1.264D-02  6.31
D ru101     3.160D-01     8.073D-10	3.160d-01     8.073d-10      17.0	  5.4  1.706D-02  4.02
D ru102     5.880D-01     1.517D-09	5.880d-01     1.517d-09      31.6	  5.4  3.175D-02  5.91
D ru104     3.480D-01     9.155D-10	3.480d-01     9.155d-10      18.7	  5.4  1.879D-02  6.21
D rh103     3.440D-01     8.962D-10	3.440d-01     8.962d-10     100.0	  8.0  2.752D-02  1.78
D pd102     1.420D-02     3.664D-11	1.420d-02     3.664d-11       1.020	  6.6  9.372D-04  50.
D pd104     1.550D-01     4.078D-10	1.550d-01     4.077d-10      11.14	  6.6  1.023D-02  10.03
D pd105     3.100D-01     8.233D-10	3.100d-01     8.233d-10      22.33	  6.6  2.046D-02  5.00
D pd106     3.800D-01     1.019D-09	3.800d-01     1.019d-09      27.33	  6.6  2.508D-02  9.92
D pd108     3.680D-01     1.005D-09	3.680d-01     1.005d-09      26.46	  6.6  2.429D-02  9.85
D pd110     1.630D-01     4.535D-10	1.630d-01     4.535d-10      11.72	  6.6  1.076D-02  13.70
D ag107     2.520D-01     6.821D-10	2.520d-01     6.820d-10      51.839	  2.9  7.308D-03  3.00
D ag109     2.340D-01     6.452D-10	2.340d-01     6.452d-10      48.161	  2.9  6.786D-03  2.95
D cd106     2.010D-02     5.389D-11	2.010d-02     5.389d-11       1.25	  6.5  1.306D-03  9.91
D cd108     1.430D-02     3.907D-11	1.430d-02     3.906d-11       0.89	  6.5  9.295D-04  17.20
D cd110     2.010D-01     5.593D-10	2.010d-01     5.593d-10      12.49	  6.5  1.307D-02  12.20
D cd111     2.060D-01     5.784D-10	2.060d-01     5.784d-10      12.80	  6.5  1.339D-02  11.76
D cd112     3.880D-01     1.099D-09	3.880d-01     1.099d-09      24.13	  6.5  2.522D-02  12.88
D cd113     1.970D-01     5.631D-10	1.970d-01     5.631d-10      12.22	  6.5  1.281D-02  10.99
D cd114     4.630D-01     1.335D-09	4.630d-01     1.335d-09      27.73	  6.5  3.010D-02  15.53
D cd116     1.210D-01     3.550D-10	1.210d-01     3.550d-10       7.49	  6.5  7.865D-03  12.77
D in113     7.900D-03     2.258D-11	7.900d-03     2.258d-11       4.3	  6.4  5.056D-04  8.89
D in115     1.760D-01     5.120D-10	1.760d-01     5.120d-10      95.7	  6.4  1.126D-02  9.96
D sn112     3.720D-02     1.054D-10	3.720d-02     1.054d-10       0.973	  9.4  3.497D-03  23.76
D sn114     2.520D-02     7.267D-11	2.520d-02     7.267d-11       0.659	  9.4  2.369D-03  1.34
D sn115     1.290D-02     3.752D-11	1.290d-02     3.752d-11       0.339	  9.4  1.213D-03  2.54
D sn116     5.550D-01     1.628D-09	5.550d-01     1.628d-09      14.538	  9.4  5.217D-02  0.99
D sn117     2.930D-01     8.671D-10	2.930d-01     8.671d-10       7.672	  9.4  2.754D-02  1.50
D sn118     9.250D-01     2.761D-09	9.250d-01     2.761d-09      24.217	  9.4  8.695D-02  0.97
D sn119     3.280D-01     9.873D-10	3.280d-01     9.873d-10       8.587	  9.4  3.083D-02  19.03
D sn120     1.245D+00     3.779D-09	1.245d+00     3.779d-09      32.596	  9.4  1.170D-01  1.40
D sn122     1.770D-01     5.462D-10	1.770d-01     5.462d-10       4.632	  9.4  1.664D-02  25.0
D sn124     2.210D-01     6.932D-10	2.210d-01     6.932d-10       5.787	  9.4  2.077D-02  17.39
D sb121     1.770D-01     5.417D-10	1.770d-01     5.417d-10      57.362	 18.0  3.186D-02  3.0
D sb123     1.320D-01     4.107D-10	1.320d-01     4.107d-10      42.638	 18.0  2.376D-02  3.0  
D te120     4.300D-03     1.305D-11	4.300d-03     1.305d-11       0.09	 10.0  4.300D-04  50.
D te122     1.240D-01     3.827D-10	1.240d-01     3.827d-10       2.57	 10.0  1.240D-02  0.91
D te123     4.280D-02     1.332D-10	4.280d-02     1.332d-10       0.89	 10.0  4.280D-03  0.93
D te124     2.290D-01     7.183D-10	2.290d-01     7.183d-10       4.76	 10.0  2.290D-02  1.03
D te125     3.420D-01     1.081D-09	3.420d-01     1.081d-09       7.10	 10.0  3.420D-02  0.93
D te126     9.090D-01     2.897D-09	9.090d-01     2.897d-09      18.89	 10.0  9.090D-02  1.72
D te128     1.526D+00     4.941D-09	1.526d+00     4.941d-09      31.73	 10.0  1.526D-01  2.93
D te130     1.634D+00     5.373D-09	1.634d+00     5.373d-09      33.97	 10.0  1.634D-01  14.84
D i 127     9.000D-01     2.891D-09	9.000d-01     2.891d-09     100.0	 21.0  1.890D-01  4.72
D xe124     5.710D-03     1.791D-11	5.710d-03     1.791d-11       0.121	 20.0  1.142D-03  10.47
D xe126     5.090D-03     1.622D-11	5.090d-03     1.622d-11       0.108	 20.0  1.018D-03  50.
D xe128     1.030D-01     3.335D-10	1.030d-01     3.335d-10       2.19	 20.0  2.060D-02  31.99
D xe129     1.280D+00     4.177D-09	1.280d+00     4.177d-09      27.34	 20.0  2.560D-01  8.59
D xe130     2.050D-01     6.741D-10	2.050d-01     6.741d-10       4.35	 20.0  4.100D-02  28.00
D xe131     1.020D+00     3.380D-09	1.020d+00     3.380d-09      21.69	 20.0  2.040D-01  17.88
D xe132     1.240D+00     4.140D-09	1.240d+00     4.140d-09      26.50	 20.0  2.480D-01  8.20
D xe134     4.590D-01     1.556D-09	4.590d-01     1.556d-09       9.76	 20.0  9.180D-02  8.42    
D xe136     3.730D-01     1.283D-09	3.730d-01     1.283d-09       7.94	 20.0  7.460D-02  8.79    1
D cs133     3.720D-01     1.251D-09	3.720d-01     1.251d-09     100.0	  5.6  2.083D-02  4.23
D ba130     4.760D-03     1.565D-11	4.760d-03     1.565d-11       0.106	  6.3  2.999D-04  16.22
D ba132     4.530D-03     1.513D-11	4.530d-03     1.513d-11       0.101	  6.3  2.854D-04  50.
D ba134     1.090D-01     3.695D-10	1.090d-01     3.695d-10       2.417	  6.3  6.867D-03  3.18
D ba135     2.960D-01     1.011D-09	2.960d-01     1.011d-09       6.592	  6.3  1.865D-02  3.3
D ba136     3.530D-01     1.214D-09	3.530d-01     1.214d-09       7.854	  6.3  2.224D-02  3.39
D ba137     5.040D-01     1.747D-09	5.040d-01     1.747d-09      11.23	  6.3  3.175D-02  3.77
D ba138     3.220D+00     1.124D-08	3.220d+00     1.124d-08      71.70	  6.3  2.029D-01  4.9	  1
D la138     4.090D-04     1.428D-12	4.090d-04     1.428d-12       0.089	  2.0  8.180D-06  50.
D la139     4.460D-01     1.568D-09	4.460d-01     1.568d-09      99.911	  2.0  8.920D-03  7.03
D ce136     2.160D-03     7.431D-12	2.160d-03     7.431d-12       0.19	  1.7  3.672D-05  50.
D ce138     2.830D-03     9.879D-12	2.830d-03     9.879d-12       0.25	  1.7  4.811D-05  50.
D ce140     1.005D+00     3.559D-09	1.005d+00     3.559d-09      88.48	  1.7  1.708D-02  3.64    
D ce142     1.260D-01     4.526D-10	1.260d-01     4.526d-10      11.08	  1.7  2.142D-03  3.53
D pr141     1.670D-01     5.956D-10	1.670d-01     5.956d-10     100.0	  2.4  4.008D-03  3.
D nd142     2.250D-01     8.082D-10	2.250d-01     8.082d-10      27.13	  1.3  2.925D-03  2.0  
D nd143     1.000D-01     3.617D-10	1.000d-01     3.617d-10      12.18	  1.3  1.300D-03  1.5	  
D nd144     1.970D-01     7.176D-10	1.970d-01     7.176d-10      23.80	  1.3  2.561D-03  1.8	 
D nd145     6.870D-02     2.520D-10	6.870d-02     2.520d-10       8.30	  1.3  8.931D-04  1.4	  
D nd146     1.420D-01     5.244D-10	1.420d-01     5.244d-10      17.19	  1.3  1.846D-03  1.4
D nd148     4.770D-02     1.786D-10	4.770d-02     1.786d-10       5.76	  1.3  6.201D-04  1.6	  
D nd150     4.670D-02     1.772D-10	4.670d-02     1.772d-10       5.64	  1.3  6.071D-04  6.29
D sm144     8.000D-03     2.914D-11	8.000d-03     2.914d-11       3.1	  1.3  1.040D-04  9.78
D sm147     3.990D-02     1.484D-10	3.990d-02     1.484d-10      15.0	  1.3  5.187D-04  1.03
D sm148     2.920D-02     1.093D-10	2.920d-02     1.093d-10      11.3	  1.3  3.796D-04  0.91
D sm149     3.560D-02     1.342D-10	3.560d-02     1.342d-10      13.8	  1.3  4.628D-04  0.94
D sm150     1.910D-02     7.247D-11	1.910d-02     7.247d-11       7.4	  1.3  2.483D-04  0.90
D sm152     6.890D-02     2.649D-10	6.890d-02     2.649d-10      26.7	  1.3  8.957D-04  0.93
D sm154     5.860D-02     2.283D-10	5.860d-02     2.283d-10      22.7	  1.3  7.618D-04  6.48
D eu151     4.650D-02     1.776D-10	4.650d-02     1.776d-10      47.8	  1.6  7.440D-04  4.01
D eu153     5.080D-02     1.966D-10	5.080d-02     1.966d-10      52.2	  1.6  8.128D-04  10.0
D gd152     6.600D-04     2.538D-12	6.600d-04     2.538d-12       0.20	  1.4  9.240D-06  1.62
D gd154     7.190D-03     2.801D-11	7.190d-03     2.801d-11       2.18	  1.4  1.007D-04  1.17
D gd155     4.880D-02     1.913D-10	4.880d-02     1.913d-10      14.80	  1.4  6.832D-04  1.13
D gd156     6.760D-02     2.667D-10	6.760d-02     2.667d-10      20.47	  1.4  9.464D-04  0.83
D gd157     5.160D-02     2.049D-10	5.160d-02     2.049d-10      15.65	  1.4  7.224D-04  1.10
D gd158     8.200D-02     3.277D-10	8.200d-02     3.277d-10      24.84	  1.4  1.148D-03  0.86
D gd160     7.210D-02     2.918D-10	7.210d-02     2.918d-10      21.86	  1.4  1.009D-03  9.56
D tb159     6.030D-02     2.425D-10	6.030d-02     2.425d-10     100.0	  2.2  1.327D-03  5.55
D dy156     2.210D-04     8.721D-13	2.210d-04     8.721d-13       0.056	  1.4  3.094D-06  10.03
D dy158     3.780D-04     1.511D-12	3.780d-04     1.511d-12       0.096	  1.4  5.292D-06  50.
D dy160     9.220D-03     3.732D-11	9.220d-03     3.731d-11       2.34	  1.4  1.291D-04  5.05
D dy161     7.450D-02     3.034D-10	7.450d-02     3.034d-10      18.91	  1.4  1.043D-03  2.99
D dy162     1.010D-01     4.139D-10	1.010d-01     4.139d-10      25.51	  1.4  1.414D-03  10.57
D dy163     9.820D-02     4.049D-10	9.820d-02     4.049d-10      24.90	  1.4  1.375D-03  3.33
D dy164     1.110D-01     4.605D-10	1.110d-01     4.605d-10      28.19	  1.4  1.554D-03  10.7
D ho165     8.890D-02     3.710D-10	8.890d-02     3.710d-10     100.0	  2.4  2.134D-03  5.01
D er162     3.510D-04     1.438D-12	3.510d-04     1.438d-12       0.14	  1.3  4.563D-06  50.
D er164     4.040D-03     1.676D-11	4.040d-03     1.676d-11       1.61	  1.3  5.252D-05  4.70
D er166     8.430D-02     3.540D-10	8.430d-02     3.540d-10      33.6	  1.3  1.096D-03  10.03
D er167     5.760D-02     2.433D-10	5.760d-02     2.433d-10      22.95	  1.3  7.488D-04  10.01
D er168     6.720D-02     2.856D-10	6.720d-02     2.856d-10      26.8	  1.3  8.736D-04  12.05
D er170     3.740D-02     1.608D-10	3.740d-02     1.608d-10      14.9	  1.3  4.862D-04  4.1
D tm169     3.780D-02     1.616D-10	3.780d-02     1.616d-10     100.0	  2.3  8.694D-04  4.96
D yb168     3.220D-04     1.368D-12	3.220d-04     1.368d-12       0.13	  1.6  5.152D-06  50.
D yb170     7.560D-03     3.251D-11	7.560d-03     3.251d-11       3.05	  1.6  1.210D-04  3.93
D yb171     3.540D-02     1.531D-10	3.540d-02     1.531d-10      14.3	  1.6  5.664D-04  3.61
D yb172     5.430D-02     2.362D-10	5.430d-02     2.362d-10      21.9	  1.6  8.688D-04  8.29
D yb173     4.000D-02     1.750D-10	4.000d-02     1.750d-10      16.12	  1.6  6.400D-04  8.32
D yb174     7.880D-02     3.468D-10	7.880d-02     3.468d-10      31.8	  1.6  1.261D-03  9.09
D yb176     3.150D-02     1.402D-10	3.150d-02     1.402d-10      12.7	  1.6  5.040D-04  9.91
D lu175     3.570D-02     1.580D-10	3.570d-02     1.580d-10      97.41	  1.3  4.641D-04  3.76
D lu176     1.035D-03     4.608D-12	1.035d-03     4.608d-12       2.59	  1.3  1.345D-05  3.90
D hf174     2.490D-04     1.096D-12	2.490d-04     1.096d-12       0.162	  1.9  4.731D-06  50.
D hf176     7.930D-03     3.530D-11	7.930d-03     3.530d-11       5.206	  1.9  1.507D-04  4.37
D hf177     2.870D-02     1.285D-10	2.870d-02     1.285d-10      18.606	  1.9  5.453D-04  4.47
D hf178     4.200D-02     1.891D-10	4.200d-02     1.891d-10      27.297	  1.9  7.980D-04  3.23
D hf179     2.100D-02     9.508D-11	2.100d-02     9.508d-11      13.629	  1.9  3.990D-04  3.03
D hf180     5.410D-02     2.463D-10	5.410d-02     2.463d-10      35.100	  1.9  1.028D-03  2.86
D ta180     2.480D-06     1.129D-14	2.480d-06     1.129d-14       0.012	  1.8  4.464D-08  20.0
D ta181     2.070D-02     9.477D-11	2.070d-02     9.477d-11      99.988	  1.8  3.726D-04  1.97
D w 180     1.730D-04     7.877D-13	1.730d-04     7.877d-13       0.13	  5.1  8.823D-06  10.38
D w 182     3.500D-02     1.611D-10	3.500d-02     1.611d-10      26.3	  5.1  1.785D-03  5.1
D w 183     1.900D-02     8.795D-11	1.900d-02     8.795d-11      14.3	  5.1  9.690D-04  5.1
D w 184     4.080D-02     1.899D-10	4.080d-02     1.899d-10      30.67	  5.1  2.081D-03  5.2
D w 186     3.800D-02     1.788D-10	3.800d-02     1.788d-10      28.6	  5.1  1.938D-03  4.8
D re185     1.930D-02     9.032D-11	1.930d-02     9.031d-11      37.40	  9.4  1.814D-03  4.0
D re187     3.510D-02     1.660D-10	3.510d-02     1.660d-10      62.60	  9.4  3.299D-03  4.9
D os184     1.220D-04     5.678D-13	1.220d-04     5.678d-13       0.018	  6.3  7.686D-06  50.
D os186     1.070D-02     5.034D-11	1.070d-02     5.034d-11       1.58	  6.3  6.741D-04  3.8
D os187     8.070D-03     3.817D-11	8.070d-03     3.817d-11       1.6	  6.3  5.084D-04  3.2
D os188     8.980D-02     4.270D-10	8.980d-02     4.270d-10      13.3	  6.3  5.657D-03  3.7
D os189     1.090D-01     5.211D-10	1.090d-01     5.211d-10      16.1	  6.3  6.867D-03  4.1
D os190     1.780D-01     8.555D-10	1.780d-01     8.555d-10      26.4	  6.3  1.121D-02  15.25
D os192     2.770D-01     1.345D-09	2.770d-01     1.345d-09      41.0	  6.3  1.745D-02  14.47
D ir191     2.470D-01     1.193D-09	2.470d-01     1.193d-09      37.3	  6.1  1.507D-02  4.98
D ir193     4.140D-01     2.021D-09	4.140d-01     2.021d-09      62.7	  6.1  2.525D-02  4.98
D pt190     1.700D-04     8.170D-13	1.700d-04     8.170d-13       0.0127	  7.4  1.258D-05  50.
D pt192     1.050D-02     5.099D-11	1.050d-02     5.099d-11       0.78	  7.4  7.770D-04  50.
D pt194     4.410D-01     2.164D-09	4.410d-01     2.164d-09      32.9	  7.4  3.263D-02  50.
D pt195     4.530D-01     2.234D-09	4.530d-01     2.234d-09      33.8	  7.4  3.352D-02  50.
D pt196     3.380D-01     1.676D-09	3.380d-01     1.676d-09      25.2	  7.4  2.501D-02  11.68
D pt198     9.630D-02     4.823D-10	9.630d-02     4.823d-10       7.19	  7.4  7.126D-03  9.52
D au197     1.870D-01     9.318D-10	1.870d-01     9.318d-10     100.0	 15.0  2.805D-02  1.55
D hg196     5.200D-04     2.578D-12	5.200d-04     2.578d-12       0.1534	 12.0  6.240D-05  50.
D hg198     3.390D-02     1.698D-10	3.390d-02     1.698d-10       9.968	 12.0  4.068D-03  8.67
D hg199     5.740D-02     2.889D-10	5.740d-02     2.889d-10      16.873	 12.0  6.888D-03  6.15
D hg200     7.850D-02     3.971D-10	7.850d-02     3.971d-10      23.096	 12.0  9.420D-03  10.43
D hg201     4.480D-02     2.278D-10	4.480d-02     2.278d-10      13.181	 12.0  5.376D-03  5.30
D hg202     1.015D-01     5.186D-10	1.015d-01     5.186d-10      29.863	 12.0  1.218D-02  8.11
D hg204     2.330D-02     1.202D-10	2.330d-02     1.202d-10       6.865	 12.0  2.796D-03  9.52
D tl203     5.430D-02     2.788D-10	5.430d-02     2.788d-10      29.524	  9.4  5.104D-03  6.45
D tl205     1.297D-01     6.726D-10	1.297d-01     6.725d-10      70.476	  9.4  1.219D-02  7.41
D pb204     6.110D-02     3.153D-10	6.110d-02     3.153d-10       1.94	  7.8  4.766D-03  6.15
D pb206     5.930D-01     3.090D-09	5.930d-01     3.090d-09      19.12	  7.8  4.625D-02  7.14    
D pb207     6.440D-01     3.372D-09	6.440d-01     3.372d-09      20.62	  7.8  5.023D-02  5.23    
D pb208     1.828D+00     9.618D-09	1.828d+00     9.618d-09      58.31	  7.8  1.426D-01  10.67   1
D bi209     1.440D-01     7.613D-10	1.440d-01     7.613d-10     100.0	  8.2  1.181D-02  10.26   1
C th232     4.200D-02     2.465D-10	4.200d-02     2.465d-10     100.0	  5.7  2.394D-03  50.
C u 235     5.730D-03     3.406D-11	5.730d-03     3.406d-11       0.7200	  8.4  4.813D-04  50.
C u 238     1.810d-02     1.090D-10	1.810d-02     1.090d-10      99.2745	  8.4  1.520D-03  50.
C x(h) =  0.70578                    x(h) =  0.70576                                                 
C y(hE) =  0.27524                    y(hE) =  0.27523                                               
C z(lI-u) =  0.01899                    z(lI-u) =  0.01900                                           
C         SUMMAG89 =     39533650920.76034                                                           

