	                5	        10	        15	        20		 25	        30	        40	       	50	        60	        80	       	 100  (keV); cross sections in mb
1	1	H	8.700e-1	5.300e-1	4.000e-1	3.300e-1	2.850e-1	2.540e-1	2.150e-1	1.930e-1	1.780e-1	1.620e-1	1.530e-1 0	
2	4	He	0.000e-0        0.000e-0        0.000e-0        0.000e-0        0.000e-0        0.000e-0	0.000e-0        0.000e-0        0.000e-0        0.000e-0        0.000e-0 0       
3	7	Li	1.020e-1	7.200e-2	5.900e-2	5.100e-2	4.600e-2	4.200e-2	3.800e-2	3.500e-2	3.300e-2	3.100e-2	3.000e-2 0       
6	12	C	1.260e-2	1.250e-2	1.300e-2	1.390e-2	1.470e-2	1.540e-2	1.690e-2	1.830e-2	1.960e-2	2.200e-2	2.400e-2 0	
6	13	C	7.300e-3	8.100e-3	9.300e-3	1.200e-2	1.600e-2	2.100e-2	3.200e-2	4.100e-2	4.600e-2	5.000e-2	5.000e-2 0	
6	14	C	3.700e-3	2.600e-3	2.100e-3	1.900e-3	1.700e-3	1.500e-3	1.300e-3	1.200e-3	1.100e-3	9.300e-4	8.300e-4 0	
7	14	N	1.830e-1	1.010e-1	7.100e-2	5.700e-2	4.600e-2	4.100e-2	3.300e-2	2.700e-2	2.200e-2	1.900e-2	1.600e-2 0	
7	15	N	2.500e-3	3.500e-3	4.200e-3	4.800e-3	5.300e-3	5.800e-3	6.500e-3	7.200e-3	7.800e-3	8.700e-3	9.700e-3 0
8	16	O	1.600e-2	2.200e-2	2.700e-2	3.100e-2	3.500e-2	3.800e-2	4.400e-2	4.900e-2	5.400e-2	6.200e-2	6.900e-2 0	
8       17      O       1.454E-4        2.684E-4        3.913E-4        4.954E-4        6.420E-4        7.649E-4        1.016E-3        1.262E-3        1.508E-3        2.009E-3        2.501E-3 1 !(/1)
8	18	O	3.700e-3	5.100e-3	6.100e-3	7.000e-3	7.930e-3	8.900e-3	1.080e-2	1.300e-2	1.570e-2	2.230e-2	2.930e-2 0	
9	19	F	2.000e+0	6.700e+0	7.800e+0	7.400e+0	6.600e+0	5.800e+0	4.600e+0	3.800e+0	3.200e+0	2.500e+0	2.200e+0 0	
10	20	Ne	8.800e-2	6.200e-2	5.300e-2	6.000e-2	8.400e-2	1.190e-1	1.910e-1	2.420e-1	2.590e-1	2.720e-1	2.530e-1 0	
10      21      Ne      6.500E-1        3.500E-1        2.700E-1        2.300E-1        2.100E-01       2.100E-1        2.200E-1        2.500E-1        3.000E-1        5.400E-1        5.300E-1 0 !(/2) 
10	21	Ne	99999	        99999 	        0.000e-1	1.700e+0	1.600e+0	1.500e+0	1.300e+0	1.200e+0	99999	        99999 	        99999 	 0
10	22	Ne	1.330e-1	9.500e-2	7.800e-2	6.800e-2	6.200e-2	5.800e-2	5.600e-2	6.100e-2	6.900e-2	8.500e-2	9.500e-2 0	
11	23	Na	1.400e+0	5.200e+0	3.400e+0	2.700e+0	2.200e+0	2.100e+0	1.700e+0	1.500e+0	1.400e+0	1.300e+0	1.200e+0 0	
12	24	Mg	1.100e-1	4.800e-1	1.300e+0	2.300e+0	2.900e+0	3.300e+0	3.600e+0	3.400e+0	3.100e+0	2.700e+0	2.100e+0 0	
12	25	Mg	4.800e+0	5.000e+0	5.500e+0	6.000e+0	6.200e+0	6.400e+0	6.200e+0	5.700e+0	5.300e+0	4.400e+0	3.600e+0 0	
12	26	Mg	1.030e-1	9.100e-2	9.800e-2	1.100e-1	1.190e-1	1.260e-1	1.430e-1	1.610e-1	1.650e-1	2.260e-1	2.650e-1 0	
13	26	Al	1.000e+1	7.000e+0	5.600e+0	4.700e+0	4.100e+0	3.700e+0	3.100e+0	2.600e+0	2.300e+0	1.900e+0	1.600e+0 1	
13	27	Al	1.120e+1	6.800e+0	5.400e+0	4.600e+0	4.100e+0	3.740e+0	3.300e+0	3.000e+0	2.800e+0	2.500e+0	2.300e+0 0	
14      28      Si      4.100E-1        5.300E-1        8.600E-1        1.150E+0        1.330E+0        1.420E+0        1.470E+0        1.450E+0        1.224E+0        1.077E+0        9.304E-1 0 !(/3)
14	28	Si	2.900e-1	8.600e-1	1.900e+0	2.500e+0	2.800e+0	2.900e+0	2.800e+0	2.700e+0	2.500e+0	2.200e+0	1.900e+0 0	
14      29      Si      8.290E+0        1.177E+1        1.130E+1        9.980E+0        8.670E+0        7.560E+0        5.990E+0        5.020E+0        3.400E+0        2.300E+0        1.700E+0 0 !(/3)
14	29	Si	1.030e+1	1.440e+1	1.330e+1	1.130e+1	9.500e+0	7.900e+0	5.800e+0	4.400e+0	3.400e+0	2.300e+0	1.700e+0 0 	
14      30      Si      1.500E+1        6.940E+0        4.050E+0        2.770E+0        2.130E+0        1.820E+0        1.610E+0        1.630E+0        1.900E+0        1.300E+0        9.600E-1 0 !(/3)
14	30	Si	1.240e+2	4.300e+1	2.200e+1	1.300e+1	8.800e+0	6.500e+0	3.800e+0	2.600e+0	1.900e+0	1.300e+0	9.600e-1 0	
15	31	P	8.000e-1	1.800e+0	2.000e+0	1.900e+0	1.800e+0	1.740e+0	1.700e+0	1.700e+0	1.900e+0	1.900e+0	1.900e+0 0	
16	32	S	1.300e+0	3.000e+0	3.700e+0	4.000e+0	4.100e+0	4.100e+0	4.000e+0	3.800e+0	3.600e+0	3.300e+0	2.900e+0 0	
16	33	S	6.300e+0	1.100e+1	1.000e+1	9.300e+0	8.200e+0	7.400e+0	6.200e+0	5.300e+0	4.700e+0	3.900e+0	3.400e+0 0	
16	34	S	3.670e-1	2.560e-1	2.130e-1	2.040e-1	2.120e-1	2.260e-1	2.500e-1	2.620e-1	2.670e-1	2.690e-1	2.650e-1 0	
16	36	S	4.200e-1	3.000e-1	2.400e-1	2.100e-1	1.900e-1	1.710e-1	1.500e-1	1.300e-1	1.200e-1	1.100e-1	9.400e-2 0	
17      35      Cl      2.766E+1        2.155E+1        1.668E+1        1.331E+1        1.101E+1        9.390E+0        7.340E+0        6.130E+0        5.360E+0        4.490E+0        3.990E+0 0 !(/4)
17	35	Cl	2.600e+1	2.230e+1	1.760e+1	1.410e+1	1.170e+1	1.000e+1	7.900e+0	6.600e+0	5.800e+0	4.800e+0	4.100e+0 0	
17	36	Cl	3.900e+1	2.500e+1	1.900e+1	1.600e+1	1.400e+1	1.200e+1	9.800e+0	8.400e+0	7.400e+0	6.000e+0	5.200e+0 1	
17      37      Cl      5.540E+0        4.060E+0        3.170E+0        2.610E+0        2.240E+0        1.980E+0        1.660E+0        1.480E+0        1.370E+0        1.230E+0        1.120E+0 0 !(/4)
17	37	Cl	6.950e+0	4.940e+0	3.720e+0	2.990e+0	2.500e+0	2.150e+0	1.660e+0	1.340e+0	1.120e+0	8.000e-1	6.000e-1 0	
18	36	Ar	2.370e+1	1.720e+1	1.380e+1	1.160e+1	1.010e+1	9.000e+0	7.500e+0	6.500e+0	5.800e+0	4.900e+0	4.300e+0 1	
18	38	Ar	1.060e+1	6.500e+0	4.800e+0	3.900e+0	3.400e+0	3.000e+0	2.500e+0	2.200e+0	2.000e+0	1.800e+0	1.600e+0 1	
18	39	Ar	3.500e+1	2.000e+1	1.400e+1	1.100e+1	9.300e+0	8.000e+0	6.400e+0	5.300e+0	4.600e+0	3.800e+0	3.200e+0 1	
18	40	Ar	3.340e+0	3.000e+0	2.690e+0	2.620e+0	2.590e+0	2.550e+0	2.410e+0	2.260e+0	2.100e+0	1.850e+0	1.650e+0 0	
19	39	K	2.420e+1	2.020e+1	1.710e+1	1.480e+1	1.310e+1	1.180e+1	9.800e+0	8.500e+0	7.500e+0	6.100e+0	5.100e+0 0	
19	40	K	1.300e+2	7.400e+1	5.400e+1	4.300e+1	3.600e+1	3.100e+1	2.400e+1	2.000e+1	1.700e+1	1.300e+1	1.100e+1 1	
19	41	K	8.800e+1	4.930e+1	3.570e+1	2.880e+1	2.470e+1	2.200e+1	1.870e+1	1.670e+1	1.530e+1	1.350e+1	1.210e+1 0	
20	40	Ca	1.130e+1	1.210e+1	1.030e+1	8.600e+0	7.500e+0	6.700e+0	5.800e+0	5.400e+0	5.200e+0	4.900e+0	4.900e+0 0	
20	41	Ca	1.110e+2	6.500e+1	4.900e+1	4.000e+1	3.400e+1	3.000e+1	2.400e+1	2.100e+1	1.800e+1	1.500e+1	1.300e+1 1	
20	42	Ca	3.030e+1	2.590e+1	2.160e+1	1.890e+1	1.700e+1	1.560e+1	1.370e+1	1.230e+1	1.130e+1	9.400e+0	8.000e+0 0	
20	43	Ca	2.300e+2	1.290e+2	9.240e+1	7.240e+1	5.970e+1	5.100e+1	3.980e+1	3.320e+1	2.880e+1	2.370e+1	2.090e+1 0	
20	44	Ca	9.900e+0	1.340e+1	1.250e+1	1.120e+1	1.020e+1	9.400e+0	8.100e+0	7.100e+0	6.200e+0	5.000e+0	4.200e+0 0	
20	45	Ca	7.100e+1	4.100e+1	3.000e+1	2.400e+1	2.000e+1	1.750e+1	1.400e+1	1.180e+1	1.010e+1	8.100e+0	6.700e+0 1	
20	46	Ca	7.200e+0	8.600e+0	8.000e+0	7.000e+0	6.100e+0	5.300e+0	4.200e+0	3.500e+0	3.000e+0	2.400e+0	2.000e+0 0	
20	48	Ca	2.130e+0	1.500e+0	1.230e+0	1.060e+0	9.500e-1	8.700e-1	7.500e-1	6.700e-1	6.100e-1	5.300e-1	4.700e-1 0	
21	45	Sc	2.260e+2	1.540e+2	1.160e+2	9.500e+1	8.000e+1	6.900e+1	5.400e+1	4.400e+1	3.800e+1	3.100e+1	2.700e+1 0	
22	46	Ti	2.990e+1	3.380e+1	3.130e+1	2.900e+1	2.780e+1	2.680e+1	2.470e+1	2.230e+1	2.040e+1	1.730e+1	1.520e+1 0	
22	47	Ti	2.130e+2	1.460e+2	1.110e+2	8.960e+1	7.490e+1	6.440e+1	5.050e+1	4.230e+1	3.700e+1	3.080e+1	2.740e+1 0	
22	48	Ti	4.260e+1	6.260e+1	5.480e+1	4.530e+1	3.770e+1	3.180e+1	2.410e+1	1.950e+1	1.640e+1	1.290e+1	1.100e+1 0	
22	49	Ti	5.210e+1	3.820e+1	3.240e+1	2.810e+1	2.480e+1	2.210e+1	1.820e+1	1.570e+1	1.400e+1	1.190e+1	1.080e+1 0	
22	50	Ti	2.000e+0	2.300e+0	2.700e+0	3.200e+0	3.500e+0	3.600e+0	3.500e+0	3.200e+0	2.900e+0	2.400e+0	2.000e+0 0	
23	50	V	2.330e+2	1.130e+2	8.100e+1	6.600e+1	5.600e+1	5.000e+1	4.100e+1	3.600e+1	3.200e+1	2.600e+1	2.200e+1 1	
23	51	V	2.260e+2	1.230e+2	8.000e+1	5.800e+1	4.600e+1	3.800e+1	2.900e+1	2.400e+1	2.100e+1	1.800e+1	1.700e+1 0	
24	50	Cr	2.290e+2	1.250e+2	8.700e+1	6.800e+1	5.700e+1	4.900e+1	3.900e+1	3.300e+1	2.900e+1	2.300e+1	1.900e+1 0	
24	51	Cr	4.380e+2	2.060e+2	1.460e+2	1.170e+2	9.900e+1	8.700e+1	7.200e+1	6.200e+1	5.500e+1	4.600e+1	4.000e+1 1	
24	52	Cr	1.030e+1	8.900e+0	9.100e+0	9.100e+0	8.900e+0	8.800e+0	8.500e+0	8.100e+0	7.800e+0	7.100e+0	6.600e+0 0	
24	53	Cr	3.500e+2	1.870e+2	1.210e+2	8.800e+1	7.000e+1	5.800e+1	4.500e+1	3.600e+1	3.100e+1	2.700e+1	1.900e+1 0	
24	54	Cr	1.600e+1	1.370e+1	1.080e+1	8.000e+0	7.200e+0	6.700e+0	6.200e+0	5.400e+0	5.100e+0	4.500e+0	4.200e+0 0	
25	55	Mn	2.510e+2	1.130e+2	7.400e+1	5.700e+1	4.700e+1	3.960e+1	3.100e+1	2.600e+1	2.400e+1	1.900e+1	1.700e+1 0	
26	54	Fe	1.110e+2	7.570e+1	5.250e+1	3.990e+1	3.240e+1	2.760e+1	2.230e+1	1.950e+1	1.790e+1	1.620e+1	1.530e+1 0	
26	55	Fe	3.670e+2	1.750e+2	1.240e+2	1.000e+2	8.500e+1	7.500e+1	6.200e+1	5.400e+1	4.800e+1	4.000e+1	3.500e+1 1	
26	56	Fe	1.180e+1	9.730e+0	1.080e+1	1.150e+1	1.170e+1	1.170e+1	1.130e+1	1.060e+1	9.970e+0	8.630e+0	7.420e+0 0	
26	57	Fe	1.240e+2	8.600e+1	6.700e+1	5.400e+1	4.600e+1	4.000e+1	3.200e+1	2.600e+1	2.300e+1	1.900e+1	1.600e+1 0	
26	58	Fe	2.700e+1	2.100e+1	1.700e+1	1.500e+1	1.300e+1	1.210e+1	1.100e+1	9.800e+0	9.300e+0	8.600e+0	8.200e+0 0	
27	59	Co	1.100e+2	8.200e+1	6.300e+1	5.200e+1	4.400e+1	3.800e+1	3.200e+1	2.700e+1	2.200e+1	1.200e+1	8.000e+0 0	
28	58	Ni	3.980e+1	5.200e+1	4.990e+1	4.620e+1	4.290e+1	4.100e+1	3.630e+1	3.350e+1	3.130e+1	2.800e+1	2.530e+1 0	
28	59	Ni	4.050e+2	1.990e+2	1.430e+2	1.150e+2	9.900e+1	8.700e+1	7.200e+1	6.200e+1	5.600e+1	4.600e+1	4.000e+1 1	
28	60	Ni	7.900e+1	7.000e+1	5.700e+1	4.600e+1	4.100e+1	3.000e+1	2.800e+1	2.700e+1	2.400e+1	2.100e+1	2.000e+1 0	
28	61	Ni	2.650e+2	1.770e+2	1.350e+2	1.110e+2	9.400e+1	8.200e+1	6.600e+1	5.600e+1	5.000e+1	4.200e+1	3.700e+1 0	
28      62      Ni      1.684E+2        8.052E+1        5.368E+1        4.148E+1        3.416E+1        3.050E+1        2.440E+1        2.245E+1        2.074E+1        1.879E+1        1.732E+1 0 !(/5) 
28	62	Ni	6.900e+1	3.300e+1	2.200e+1	1.700e+1	1.400e+1	1.250e+1	1.000e+1	9.200e+0	8.500e+0	7.700e+0	7.100e+0 0	
28	63	Ni	1.120e+2	6.600e+1	5.000e+1	4.100e+1	3.500e+1	3.100e+1	2.500e+1	2.000e+1	1.700e+1	1.300e+1	1.000e+1 1	
28	64	Ni	1.280e+1	1.480e+1	1.310e+1	1.120e+1	9.800e+0	8.700e+0	7.400e+0	6.600e+0	6.100e+0	5.500e+0	5.200e+0 0	
29	63	Cu	3.310e+2	1.820e+2	1.360e+2	1.140e+2	1.020e+2	9.400e+1	8.300e+1	7.900e+1	7.600e+1	6.600e+1	5.800e+1 0	
29	65	Cu	1.520e+2	7.900e+1	5.800e+1	4.900e+1	4.400e+1	4.100e+1	3.700e+1	3.300e+1	3.100e+1	2.700e+1	2.500e+1 0	
30	64	Zn	1.390e+2	1.080e+2	8.800e+1	7.500e+1	6.600e+1	5.900e+1	5.200e+1	4.700e+1	4.400e+1	4.000e+1	3.800e+1 0	
30	65	Zn	5.120e+2	3.140e+2	2.460e+2	2.070e+2	1.810e+2	1.620e+2	1.350e+2	1.180e+2	1.040e+2	8.700e+1	7.500e+1 1	
30	66	Zn	8.400e+1	6.900e+1	5.500e+1	4.500e+1	3.900e+1	3.500e+1	3.000e+1	2.800e+1	2.600e+1	2.500e+1	2.400e+1 0	
30	67	Zn	5.030e+2	3.180e+2	2.430e+2	2.000e+2	1.720e+2	1.530e+2	1.260e+2	1.090e+2	9.700e+1	8.200e+1	7.100e+1 0	
30	68	Zn	9.300e+1	4.800e+1	3.300e+1	2.600e+1	2.200e+1	1.920e+1	1.600e+1	1.400e+1	1.300e+1	1.200e+1	1.100e+1 0	
30	70	Zn	5.700e+1	3.800e+1	3.000e+1	2.630e+1	2.350e+1	2.150e+1	1.870e+1	1.690e+1	1.550e+1	1.370e+1	1.250e+1 1	
31	69	Ga	3.310e+2	2.380e+2	1.970e+2	1.740e+2	1.530e+2	1.390e+2	1.210e+2	1.130e+2	1.020e+2	8.700e+1	7.900e+1 0	
31	71	Ga	3.980e+2	2.490e+2	1.910e+2	1.590e+2	1.380e+2	1.230e+2	1.030e+2	9.000e+1	8.100e+1	6.900e+1	6.000e+1 0	
32	70	Ge	2.010e+2	1.450e+2	1.210e+2	1.060e+2	9.700e+1	8.800e+1	7.500e+1	6.900e+1	6.300e+1	5.500e+1	4.900e+1 0	
32	72	Ge	1.990e+2	1.330e+2	1.060e+2	9.100e+1	8.000e+1	7.300e+1	6.300e+1	5.700e+1	5.200e+1	4.700e+1	4.300e+1 1	
32	73	Ge	7.720e+2	4.970e+2	3.850e+2	3.190e+2	2.750e+2	2.430e+2	1.980e+2	1.690e+2	1.480e+2	1.190e+2	1.010e+2 1	
32	74	Ge	1.490e+2	9.900e+1	7.800e+1	6.600e+1	5.800e+1	5.300e+1	4.600e+1	4.100e+1	3.700e+1	3.300e+1	3.100e+1 0	
32	76	Ge	8.900e+1	6.100e+1	4.800e+1	4.100e+1	3.600e+1	3.300e+1	2.800e+1	2.500e+1	2.300e+1	2.000e+1	1.900e+1 1	
33	75	As	1.790e+3	1.137e+3	8.780e+2	7.320e+2	6.350e+2	5.680e+2	4.780e+2	4.180e+2	3.890e+2	3.310e+2	2.730e+2 0	
34	74	Se	6.770e+2	4.660e+2	3.780e+2	3.270e+2	2.920e+2	2.670e+2	2.320e+2	2.090e+2	1.920e+2	1.700e+2	1.560e+2 1	
34	76	Se	3.630e+2	2.850e+2	2.350e+2	2.020e+2	1.780e+2	1.640e+2	1.440e+2	1.310e+2	1.230e+2	1.140e+2	1.090e+2 0	
34	77	Se	9.990e+2	6.950e+2	5.820e+2	5.100e+2	4.580e+2	4.180e+2	3.600e+2	3.190e+2	2.870e+2	2.400e+2	2.050e+2 1	
34	78	Se	2.900e+2	1.970e+2	1.580e+2	1.350e+2	1.200e+2	1.090e+2	9.400e+1	8.400e+1	7.700e+1	6.800e+1	6.300e+1 1	
34	79	Se	7.410e+2	4.960e+2	3.940e+2	3.340e+2	2.930e+2	2.630e+2	2.200e+2	1.910e+2	1.690e+2	1.380e+2	1.170e+2 1	
34	80	Se	1.160e+2	7.900e+1	6.200e+1	5.400e+1	4.700e+1	4.200e+1	3.600e+1	3.200e+1	2.900e+1	2.500e+1	2.200e+1 0	
34	82	Se	2.500e+1	1.800e+1	1.400e+1	1.200e+1	1.000e+1	9.000e+0	8.000e+0	7.000e+0	6.000e+0	5.000e+0	5.000e+0 1	
35	79	Br	1.767e+3	1.177e+3	9.320e+2	7.910e+2	6.960e+2	6.270e+2	5.320e+2	4.680e+2	4.350e+2	3.700e+2	3.050e+2 0	
35	81	Br	9.600e+2	6.140e+2	4.780e+2	4.020e+2	3.500e+2	3.130e+2	2.640e+2	2.320e+2	2.170e+2	1.870e+2	1.570e+2 0	
36	78	Kr	3.320e+2	3.610e+2	3.740e+2	3.580e+2	3.380e+2	3.210e+2	2.950e+2	2.750e+2	2.610e+2	2.430e+2	2.320e+2 0	
36	79	Kr	1.713e+3	1.387e+3	1.231e+3	1.118e+3	1.030e+3	9.590e+2	8.460e+2	7.590e+2	6.870e+2	5.760e+2	4.920e+2 1	
36	80	Kr	9.350e+2	6.010e+2	4.040e+2	3.380e+2	2.960e+2	2.670e+2	2.370e+2	2.180e+2	2.020e+2	1.800e+2	1.640e+2 0	
36	81	Kr	1.389e+3	9.940e+2	8.440e+2	7.430e+2	6.670e+2	6.070e+2	5.180e+2	4.550e+2	4.080e+2	3.420e+2	2.980e+2 1	
36	82	Kr	1.200e+2	1.220e+2	1.180e+2	1.070e+2	9.800e+1	9.000e+1	8.000e+1	7.100e+1	6.900e+1	6.200e+1	5.800e+1 0	
36	83	Kr	9.020e+2	6.000e+2	4.060e+2	3.290e+2	2.790e+2	2.430e+2	1.970e+2	1.590e+2	1.470e+2	1.200e+2	1.040e+2 0	
36	84	Kr	2.600e+2	9.400e+1	7.400e+1	5.500e+1	4.500e+1	3.800e+1	3.000e+1	2.600e+1	2.300e+1	1.900e+1	1.700e+1 0	
36	85	Kr	1.740e+2	1.130e+2	8.700e+1	7.200e+1	6.200e+1	5.500e+1	4.500e+1	3.900e+1	3.500e+1	2.900e+1	2.500e+1 1	
36	86	Kr	2.100e+0	3.200e+0	3.600e+0	3.700e+0	3.500e+0	3.400e+0	2.900e+0	2.500e+0	2.200e+0	1.800e+0	1.500e+0 0	
37	85	Rb	7.240e+2	4.820e+2	3.750e+2	3.130e+2	2.710e+2	2.400e+2	1.990e+2	1.720e+2	1.530e+2	1.290e+2	1.100e+2 0	
37	86	Rb	4.500e+2	3.200e+2	2.740e+2	2.430e+2	2.200e+2	2.020e+2	1.750e+2	1.560e+2	1.420e+2	1.220e+2	1.080e+2 1	
37	87	Rb	3.530e+1	2.440e+1	2.060e+1	1.840e+1	1.640e+1	1.550e+1	1.380e+1	1.250e+1	1.170e+1	1.060e+1	9.800e+0 0	
38	84	Sr	8.850e+2	6.220e+2	5.170e+2	4.460e+2	4.000e+2	3.680e+2	3.220e+2	2.860e+2	2.570e+2	2.130e+2	1.850e+2 1	
38	86	Sr	2.110e+2	1.340e+2	1.000e+2	8.600e+1	7.100e+1	6.400e+1	5.300e+1	4.600e+1	4.100e+1	3.400e+1	2.900e+1 0	
38	87	Sr	3.450e+2	2.070e+2	1.550e+2	1.270e+2	1.100e+2	9.200e+1	7.600e+1	6.500e+1	5.600e+1	4.500e+1	3.800e+1 0	
38	88	Sr	1.100e+1	1.200e+1	1.000e+1	8.300e+0	7.100e+0	6.200e+0	5.100e+0	4.400e+0	4.000e+0	3.600e+0	3.400e+0 0	
38	89	Sr	6.900e+1	4.300e+1	3.200e+1	2.600e+1	2.200e+1	1.900e+1	1.500e+1	1.300e+1	1.200e+1	1.000e+1	8.000e+0 1	
39	89	Y	6.800e+1	4.000e+1	3.000e+1	2.500e+1	2.100e+1	1.900e+1	1.600e+1	1.400e+1	1.300e+1	1.100e+1	1.000e+1 0	
40	90	Zr	4.300e+1	3.400e+1	2.900e+1	2.500e+1	2.300e+1	2.100e+1	1.800e+1	1.700e+1	1.600e+1	1.500e+1	1.400e+1 0	
40	91	Zr	2.540e+2	1.470e+2	1.050e+2	8.300e+1	6.900e+1	6.000e+1	4.900e+1	4.300e+1	3.900e+1	3.400e+1	3.200e+1 0	
40	92	Zr	1.310e+2	7.700e+1	5.500e+1	4.400e+1	3.700e+1	3.300e+1	2.800e+1	2.600e+1	2.500e+1	2.300e+1	2.300e+1 0	
40	93	Zr	3.400e+2	2.130e+2	1.610e+2	1.310e+2	1.100e+2	9.500e+1	7.500e+1	6.200e+1	5.400e+1	4.400e+1	3.700e+1 0	
40	94	Zr	7.400e+1	5.200e+1	4.000e+1	3.300e+1	2.900e+1	2.600e+1	2.300e+1	2.200e+1	2.200e+1	2.100e+1	2.100e+1 0	
40	95	Zr	2.960e+2	1.850e+2	1.360e+2	1.090e+2	9.100e+1	7.900e+1	6.300e+1	5.400e+1	4.700e+1	3.900e+1	3.400e+1 1	
40	96	Zr	5.600e+1	2.800e+1	1.900e+1	1.400e+1	1.200e+1	1.070e+1	8.300e+0	6.800e+0	5.800e+0	4.400e+0	3.500e+0 0	
41	93	Nb	8.870e+2	5.650e+2	4.300e+2	3.540e+2	3.030e+2	2.660e+2	2.160e+2	1.840e+2	1.610e+2	1.300e+2	1.100e+2 0	
41	94	Nb	9.250e+2	7.730e+2	6.770e+2	5.980e+2	5.340e+2	4.820e+2	4.030e+2	3.460e+2	3.030e+2	2.450e+2	2.070e+2 1	
41	95	Nb	8.920e+2	6.200e+2	4.870e+2	4.060e+2	3.510e+2	3.100e+2	2.550e+2	2.180e+2	1.930e+2	1.590e+2	1.380e+2 1	
42	92	Mo	2.770e+2	1.580e+2	1.150e+2	9.300e+1	7.900e+1	7.000e+1	5.900e+1	5.300e+1	4.900e+1	4.500e+1	4.300e+1 0	
42	94	Mo	3.210e+2	2.000e+2	1.540e+2	1.280e+2	1.130e+2	1.020e+2	8.900e+1	8.100e+1	7.700e+1	7.100e+1	6.800e+1 0	
42	95	Mo	7.850e+2	5.590e+2	4.450e+2	3.750e+2	3.270e+2	2.920e+2	2.440e+2	2.120e+2	1.970e+2	1.640e+2	1.400e+2 0	
42	96	Mo	4.090e+2	2.480e+2	1.840e+2	1.490e+2	1.270e+2	1.120e+2	9.300e+1	8.200e+1	7.800e+1	7.000e+1	6.300e+1 0	
42	97	Mo	9.520e+2	6.710e+2	5.280e+2	4.410e+2	3.820e+2	3.390e+2	2.810e+2	2.440e+2	2.200e+2	1.850e+2	1.640e+2 0	
42	98	Mo	2.980e+2	1.860e+2	1.460e+2	1.240e+2	1.090e+2	9.900e+1	8.500e+1	7.600e+1	7.000e+1	6.000e+1	5.400e+1 0	
42	99	Mo	7.030e+2	4.900e+2	3.830e+2	3.180e+2	2.730e+2	2.400e+2	1.930e+2	1.610e+2	1.380e+2	1.070e+2	8.700e+1 1	
42	100	Mo	2.810e+2	1.890e+2	1.510e+2	1.310e+2	1.170e+2	1.080e+2	9.600e+1	8.900e+1	8.400e+1	7.900e+1	7.600e+1 0	
43	99	Tc	1.849e+3	1.370e+3	1.131e+3	9.760e+2	8.650e+2	7.810e+2	6.620e+2	5.800e+2	5.300e+2	4.450e+2	3.770e+2 0	
44	96	Ru	4.140e+2	3.420e+2	2.950e+2	2.580e+2	2.290e+2	2.070e+2	1.750e+2	1.540e+2	1.380e+2	1.190e+2	1.080e+2 0	
44	98	Ru	4.610e+2	3.310e+2	2.650e+2	2.230e+2	1.940e+2	1.730e+2	1.440e+2	1.260e+2	1.130e+2	9.700e+1	8.700e+1 1	
44	99	Ru	1.226e+3	1.004e+3	8.770e+2	7.760e+2	6.960e+2	6.310e+2	5.330e+2	4.630e+2	4.100e+2	3.370e+2	2.870e+2 1	
44	100	Ru	5.250e+2	3.830e+2	3.070e+2	2.610e+2	2.290e+2	2.060e+2	1.750e+2	1.560e+2	1.430e+2	1.260e+2	1.170e+2 0	
44	101	Ru	2.405e+3	1.710e+3	1.401e+3	1.216e+3	1.090e+3	9.960e+2	8.650e+2	7.750e+2	7.090e+2	6.150e+2	5.510e+2 0	
44	102	Ru	4.560e+2	2.970e+2	2.320e+2	1.940e+2	1.690e+2	1.510e+2	1.270e+2	1.110e+2	9.800e+1	8.300e+1	7.200e+1 0	
44	103	Ru	1.106e+3	7.310e+2	5.600e+2	4.590e+2	3.920e+2	3.430e+2	2.760e+2	2.320e+2	2.010e+2	1.580e+2	1.300e+2 1	
44	104	Ru	4.540e+2	3.000e+2	2.360e+2	2.000e+2	1.740e+2	1.560e+2	1.320e+2	1.150e+2	1.030e+2	8.700e+1	7.700e+1 0	
45	103	Rh	1.890e+3	1.392e+3	1.150e+3	9.980e+2	8.920e+2	8.110e+2	6.950e+2	6.160e+2	5.560e+2	4.720e+2	4.130e+2 0	
46	102	Pd	8.940e+2	6.570e+2	5.400e+2	4.660e+2	4.140e+2	3.750e+2	3.200e+2	2.830e+2	2.570e+2	2.220e+2	1.990e+2 1	
46	104	Pd	6.850e+2	5.230e+2	4.260e+2	3.640e+2	3.210e+2	2.890e+2	2.460e+2	2.190e+2	1.990e+2	1.760e+2	1.630e+2 0	
46	105	Pd	2.538e+3	1.899e+3	1.603e+3	1.421e+3	1.294e+3	1.200e+3	1.063e+3	9.680e+2	9.000e+2	7.950e+2	7.250e+2 0	
46	106	Pd	7.000e+2	4.720e+2	3.740e+2	3.180e+2	2.800e+2	2.520e+2	2.140e+2	1.880e+2	1.690e+2	1.440e+2	1.270e+2 0	
46	107	Pd	2.734e+3	2.142e+3	1.823e+3	1.612e+3	1.459e+3	1.340e+3	1.165e+3	1.040e+3	9.450e+2	8.000e+2	7.000e+2 0	
46	108	Pd	5.550e+2	3.760e+2	2.990e+2	2.550e+2	2.250e+2	2.030e+2	1.730e+2	1.520e+2	1.380e+2	1.180e+2	1.030e+2 0	
46	110	Pd	4.490e+2	2.910e+2	2.250e+2	1.880e+2	1.630e+2	1.460e+2	1.220e+2	1.060e+2	9.400e+1	7.900e+1	6.800e+1 0	
47	107	Ag	1.602e+3	1.246e+3	1.064e+3	9.460e+2	8.600e+2	7.920e+2	6.960e+2	6.260e+2	5.760e+2	4.860e+2	4.450e+2 0	
47	109	Ag	1.669e+3	1.270e+3	1.071e+3	9.420e+2	8.510e+2	7.880e+2	6.810e+2	6.110e+2	5.570e+2	4.810e+2	4.270e+2 0	
47	110	Ag	2.026e+3	1.606e+3	1.461e+3	1.345e+3	1.251e+3	1.172e+3	1.047e+3	9.490e+2	8.670e+2	7.380e+2	6.390e+2 1	
48	106	Cd	6.850e+2	5.220e+2	4.340e+2	3.750e+2	3.310e+2	3.020e+2	2.600e+2	2.350e+2	2.180e+2	1.980e+2	1.860e+2 0	
48	108	Cd	4.960e+2	3.710e+2	3.020e+2	2.570e+2	2.230e+2	2.020e+2	1.710e+2	1.520e+2	1.390e+2	1.250e+2	1.160e+2 0	
48	110	Cd	5.985e+2	4.560e+2	3.610e+2	3.030e+2	2.640e+2	2.370e+2	1.990e+2	1.760e+2	1.600e+2	1.400e+2	1.280e+2 0 !(/6)	
48	111	Cd	1.505e+3	1.222e+3	1.034e+3	9.110e+2	8.230e+2	7.540e+2	6.560e+2	5.860e+2	5.330e+2	4.560e+2	4.000e+2 0 !(/6)	
48	112	Cd	4.965e+2	3.690e+2	2.880e+2	2.410e+2	2.100e+2	1.879e+2	1.590e+2	1.410e+2	1.290e+2	1.150e+2	1.060e+2 0 !(/6)	
48	113	Cd	1.400e+3	1.127e+3	9.400e+2	8.190e+2	7.330e+2	6.670e+2	5.750e+2	5.130e+2	4.690e+2	4.090e+2	3.710e+2 0 !(/6)	
48	114	Cd	3.370e+2	2.520e+2	1.970e+2	1.650e+2	1.440e+2	1.292e+2	1.100e+2	9.800e+1	9.000e+1	8.000e+1	7.400e+1 0 !(/6)	
48	115	Cd	7.080e+2	4.990e+2	4.080e+2	3.540e+2	3.170e+2	2.900e+2	2.520e+2	2.260e+2	2.060e+2	1.760e+2	1.550e+2 1	
48	115	Cd	99999	        99999 	        99999 	        99999 	        99999 	        6.010e+2	99999 	        99999 	        99999 	        99999 	        99999 	 0
48	116	Cd	1.860e+2	1.410e+2	1.120e+2	9.500e+1	8.300e+1	7.480e+1	6.400e+1	5.800e+1	5.300e+1	4.800e+1	4.500e+1 0 !(/6)	
49	113	In	2.306e+3	1.521e+3	1.193e+3	1.004e+3	8.780e+2	7.870e+2	6.620e+2	5.800e+2	5.190e+2	4.370e+2	3.860e+2 0 	
49	114	In	99999 	        99999 	        99999 	        99999 	        99999  	        2.595e+3	99999 	        99999 	        99999 	        99999 	        99999 	 0
49	115	In	1.619e+3	1.189e+3	9.840e+2	8.570e+2	7.710e+2	7.060e+2	6.140e+2	5.510e+2	5.050e+2	4.450e+2	4.090e+2 0	
50	112	Sn	4.790e+2	3.700e+2	3.060e+2	2.640e+2	2.270e+2	2.100e+2	2.040e+2	1.590e+2	1.450e+2	1.280e+2	1.190e+2 0	
50	114	Sn	4.050e+2	2.490e+2	1.970e+2	1.700e+2	1.490e+2	1.344e+2	1.150e+2	1.020e+2	9.400e+1	8.400e+1	7.900e+1 0	
50	115	Sn	7.480e+2	5.510e+2	4.640e+2	4.130e+2	3.730e+2	3.424e+2	2.990e+2	2.690e+2	2.470e+2	2.190e+2	1.990e+2 0	
50      116     Sn      2.973E+2        1.809E+2        1.418E+2        1.227E+2        1.079E+2        9.670E+1        8.252E+1        7.406E+1        6.877E+1        6.136E+1        5.713E+1 0 !(/7)
50	116	Sn	2.810e+2	1.710e+2	1.340e+2	1.160e+2	1.020e+2	9.140e+1	7.800e+1	7.000e+1	6.500e+1	5.800e+1	5.400e+1 0	
50	117	Sn	7.460e+2	5.490e+2	4.550e+2	3.960e+2	3.520e+2	3.190e+2	2.710e+2	2.390e+2	2.150e+2	1.820e+2	1.590e+2 0	
50	118	Sn	2.260e+2	1.260e+2	9.500e+1	8.000e+1	6.900e+1	6.210e+1	5.300e+1	4.700e+1	4.400e+1	4.000e+1	3.700e+1 0	
50	119	Sn	5.580e+2	3.900e+2	3.020e+2	2.450e+2	2.070e+2	1.800e+2	1.440e+2	1.210e+2	1.060e+2	8.800e+1	7.800e+1 0	
50      120     Sn      1.365E+2        7.560E+1        5.775E+1        4.830E+1        4.200E+1        3.780E+1        3.255E+1        2.940E+1        2.730E+1        2.415E+1        2.310E+1 0 !(/7)
50	120	Sn	1.300e+2	7.200e+1	5.500e+1	4.600e+1	4.000e+1	3.600e+1	3.100e+1	2.800e+1	2.600e+1	2.300e+1	2.200e+1 0	
50	121	Sn	4.790e+2	3.270e+2	2.590e+2	2.170e+2	1.880e+2	1.670e+2	1.370e+2	1.180e+2	1.040e+2	8.600e+1	7.400e+1 1	
50	122	Sn	7.300e+1	4.630e+1	3.460e+1	2.830e+1	2.450e+1	2.190e+1	1.880e+1	1.670e+1	1.530e+1	1.310e+1	1.150e+1 0	
50	124	Sn	7.250e+1	3.520e+1	2.310e+1	1.730e+1	1.410e+1	1.200e+1	9.500e+0	8.000e+0	7.100e+0	5.800e+0	5.000e+0 0	
50	125	Sn	2.110e+2	1.310e+2	9.800e+1	8.000e+1	6.800e+1	5.900e+1	4.800e+1	4.100e+1	3.600e+1	3.000e+1	2.600e+1 1	
50	126	Sn	2.600e+1	1.900e+1	1.500e+1	1.200e+1	1.100e+1	1.000e+1	8.000e+0	7.000e+0	6.400e+0	5.500e+0	5.000e+0 1	
51	121	Sb	1.301e+3	8.600e+2	7.350e+2	6.490e+2	5.840e+2	5.320e+2	4.550e+2	4.010e+2	3.610e+2	3.060e+2	2.700e+2 0	
51	122	Sb	1.927e+3	1.379e+3	1.203e+3	1.076e+3	9.760e+2	8.940e+2	7.680e+2	6.740e+2	6.010e+2	4.960e+2	4.220e+2 1	
51	123	Sb	8.050e+2	5.490e+2	4.410e+2	3.770e+2	3.340e+2	3.030e+2	2.590e+2	2.290e+2	2.070e+2	1.760e+2	1.560e+2 0	
51	125	Sb	7.700e+2	5.090e+2	4.000e+2	3.370e+2	2.950e+2	2.600e+2	2.220e+2	1.950e+2	1.750e+2	1.500e+2	1.320e+2 1	
52	120	Te	1.037e+3	7.080e+2	5.780e+2	5.040e+2	4.550e+2	4.200e+2	3.720e+2	3.410e+2	3.180e+2	2.860e+2	2.630e+2 1	
52	122	Te	8.740e+2	5.410e+2	4.270e+2	3.680e+2	3.260e+2	2.950e+2	2.550e+2	2.300e+2	2.140e+2	1.930e+2	1.800e+2 0	
52	123	Te	1.995e+3	1.436e+3	1.176e+3	1.017e+3	9.110e+2	8.320e+2	7.190e+2	6.410e+2	5.830e+2	5.020e+2	4.440e+2 0	
52	124	Te	4.770e+2	2.890e+2	2.260e+2	1.950e+2	1.710e+2	1.550e+2	1.330e+2	1.200e+2	1.120e+2	1.010e+2	9.500e+1 0	
52	125	Te	1.190e+3	8.150e+2	6.550e+2	5.600e+2	4.870e+2	4.310e+2	3.530e+2	3.020e+2	2.670e+2	2.210e+2	1.910e+2 0	
52      126	Te	2.500e+2	1.520e+2	1.200e+2	1.030e+2	9.000e+1	8.130e+1	7.000e+1	6.200e+1	5.700e+1	5.100e+1	4.800e+1 0	
52	128	Te	9.100e+1	7.000e+1	5.900e+1	5.200e+1	4.800e+1	4.440e+1	3.900e+1	3.700e+1	3.500e+1	3.200e+1	3.100e+1 0	
52	130	Te	3.500e+1	2.600e+1	2.100e+1	1.800e+1	1.600e+1	1.470e+1	1.300e+1	1.200e+1	1.100e+1	9.600e+0	9.100e+0 0	
53	127	I	1.659e+3	1.145e+3	9.290e+2	7.970e+2	7.050e+2	6.350e+2	5.350e+2	4.670e+2	4.170e+2	3.450e+2	3.020e+2 0	
53	129	I	1.134e+3	8.030e+2	6.510e+2	5.560e+2	4.900e+2	4.410e+2	3.730e+2	3.280e+2	2.950e+2	2.500e+2	2.020e+2 0	
54	124	Xe	1.777e+3	1.039e+3	8.570e+2	7.580e+2	6.920e+2	6.440e+2	5.780e+2	5.360e+2	5.050e+2	4.650e+2	4.370e+2 0	
54	126	Xe	9.000e+2	6.040e+2	4.910e+2	4.290e+2	3.880e+2	3.590e+2	3.200e+2	2.950e+2	2.780e+2	2.550e+2	2.380e+2 0	
54	128	Xe	5.250e+2        4.710e+2	3.810e+2	3.260e+2	2.890e+2	2.630e+2	2.280e+2	2.060e+2	1.920e+2	1.730e+2	1.610e+2 0 !(/8)	
54	129	Xe	1.273e+3        1.146e+3	9.320e+2	7.930e+2	6.930e+2	6.170e+2	5.110e+2	4.410e+2	3.920e+2	3.260e+2	2.840e+2 0 !(/8)	
54	130	Xe	2.570e+2        2.310e+2	1.880e+2	1.620e+2	1.450e+2	1.320e+2	1.160e+2	1.050e+2	9.800e+1	8.900e+1	8.300e+1 0 !(/8)	
54	131	Xe	1.040e+3	6.610e+2	5.150e+2	4.330e+2	3.790e+2	3.400e+2	2.870e+2	2.520e+2	2.270e+2	1.910e+2	1.650e+2 1	
54	132	Xe	1.670e+2	1.190e+2	9.540e+1	8.250e+1	7.160e+1	6.460e+1	5.470e+1	4.970e+1	4.570e+1	4.080e+1	3.780e+1 0	
54	133	Xe	3.720e+2	2.430e+2	1.910e+2	1.610e+2	1.410e+2	1.270e+2	1.080e+2	9.500e+1	8.600e+1	7.400e+1	6.500e+1 1	
54	134	Xe	4.750e+1	3.510e+1	2.890e+1	2.490e+1	2.220e+1	2.020e+1	1.740e+1	1.590e+1	1.440e+1	1.280e+1	1.190e+1 0	
54	136	Xe	5.600e+0	2.400e+0	1.600e+0	1.300e+0	1.100e+0	9.100e-1	7.200e-1	6.000e-1	5.200e-1	4.100e-1	3.500e-1 0	
55	133	Cs	1.365e+3	9.310e+2	7.450e+2	6.360e+2	5.630e+2	5.090e+2	4.340e+2	3.840e+2	3.470e+2	2.960e+2	2.620e+2 0	
55	134	Cs	2.421e+3	1.520e+3	1.159e+3	9.550e+2	8.200e+2	7.240e+2	5.930e+2	5.090e+2	4.500e+2	3.720e+2	3.230e+2 1	
55	135	Cs	5.520e+2	3.290e+2	2.510e+2	2.080e+2	1.800e+2	1.600e+2	1.340e+2	1.170e+2	1.050e+2	8.900e+1	7.900e+1 0	
56	130	Ba	2.379e+3	1.284e+3	1.031e+3	9.010e+2	8.180e+2	7.600e+2	6.830e+2	6.340e+2	6.010e+2	5.560e+2	5.260e+2 0	
56	132	Ba	1.029e+3	6.590e+2	5.260e+2	4.550e+2	4.100e+2	3.790e+2	3.390e+2	3.150e+2	2.980e+2	2.760e+2	2.610e+2 1	
56	134	Ba	3.600e+2	2.830e+2	2.350e+2	2.080e+2	1.900e+2	1.760e+2	1.550e+2	1.410e+2	1.310e+2	1.170e+2	1.080e+2 0	
56	135	Ba	1.274e+3	8.460e+2	6.720e+2	5.730e+2	5.050e+2	4.550e+2	3.870e+2	3.420e+2	3.100e+2	2.660e+2	2.370e+2 0	
56	136	Ba	1.800e+2	1.150e+2	9.040e+1	7.690e+1	6.780e+1	6.120e+1	5.250e+1	4.620e+1	4.380e+1	3.930e+1	3.670e+1 0	
56	137	Ba	2.062e+2	1.400e+2	1.106e+2	9.540e+1	8.440e+1	7.630e+1	6.580e+1	5.890e+1	5.390e+1	4.710e+1	4.250e+1 0	
56	138	Ba	1.340e+1	7.850e+0	5.930e+0	4.950e+0	4.380e+0	4.000e+0	3.490e+0	3.140e+0	2.890e+0	2.520e+0	2.230e+0 0	
57	139	La	1.040e+2	6.580e+1	5.000e+1	4.130e+1	3.570e+1	3.160e+1	2.600e+1	2.240e+1	1.980e+1	1.630e+1	1.410e+1 0	
58	132	Ce	5.050e+3	2.799e+3	2.222e+3	1.913e+3	1.712e+3	1.570e+3	1.382e+3	1.266e+3	1.187e+3	1.087e+3	1.027e+3 1	
58	133	Ce	7.292e+3	4.543e+3	3.702e+3	3.202e+3	2.856e+3	2.600e+3	2.240e+3	2.000e+3	1.817e+3	1.568e+3	1.400e+3 1	
58	134	Ce	3.298e+3	1.724e+3	1.354e+3	1.167e+3	1.049e+3	9.670e+2	8.610e+2	7.970e+2	7.540e+2	7.020e+2	6.710e+2 1	
58	135	Ce	4.083e+3	2.383e+3	1.913e+3	1.643e+3	1.458e+3	1.320e+3	1.126e+3	9.970e+2	9.030e+2	7.760e+2	6.940e+2 1	
58	136	Ce	1.016e+3	5.190e+2	4.090e+2	3.560e+2	3.230e+2	3.000e+2	2.710e+2	2.530e+2	2.410e+2	2.270e+2	2.140e+2 0	
58	137	Ce	3.168e+3	1.776e+3	1.408e+3	1.206e+3	1.071e+3	9.730e+2	8.390e+2	7.510e+2	6.880e+2	6.030e+2	5.490e+2 1	
58	138	Ce	4.620e+2	3.030e+2	2.450e+2	2.140e+2	1.930e+2	1.790e+2	1.600e+2	1.480e+2	1.400e+2	1.290e+2	1.210e+2 0	
58	139	Ce	7.690e+2	3.990e+2	3.110e+2	2.650e+2	2.350e+2	2.140e+2	1.850e+2	1.660e+2	1.520e+2	1.340e+2	1.270e+2 1	
58	140	Ce	2.300e+1	1.950e+1	1.600e+1	1.350e+1	1.200e+1	1.100e+1	9.500e+0	8.700e+0	8.100e+0	7.200e+0	6.600e+0 0	
58	141	Ce	2.600e+2	1.570e+2	1.190e+2	9.900e+1	8.500e+1	7.600e+1	6.400e+1	5.600e+1	5.000e+1	4.300e+1	3.900e+1 1	
58	142	Ce	7.190e+1	4.850e+1	3.910e+1	3.380e+1	3.040e+1	2.800e+1	2.490e+1	2.290e+1	2.170e+1	2.000e+1	1.900e+1 0	
59	141	Pr	4.120e+2	2.470e+2	1.820e+2	1.480e+2	1.260e+2	1.114e+2	9.150e+1	7.830e+1	6.900e+1	5.620e+1	4.760e+1 0	
59	142	Pr	1.668e+3	8.860e+2	6.700e+2	5.510e+2	4.720e+2	4.150e+2	3.360e+2	2.840e+2	2.460e+2	1.940e+2	1.670e+2 1	
59	143	Pr	1.187e+3	7.290e+2	5.550e+2	4.580e+2	3.950e+2	3.500e+2	2.890e+2	2.490e+2	2.210e+2	1.830e+2	1.590e+2 1	
60	142	Nd	9.860e+1	6.510e+1	5.130e+1	4.340e+1	3.840e+1	3.500e+1	3.070e+1	2.770e+1	2.550e+1	2.290e+1	2.100e+1 0	
60	143	Nd	9.250e+2	5.280e+2	3.920e+2	3.210e+2	2.760e+2	2.450e+2	2.040e+2	1.784e+2	1.606e+2	1.375e+2	1.229e+2 0	
60	144	Nd	2.390e+2	1.470e+2	1.150e+2	9.890e+1	8.850e+1	8.130e+1	7.120e+1	6.470e+1	6.030e+1	5.420e+1	5.040e+1 0	
60	145	Nd	1.481e+3	8.950e+2	6.760e+2	5.570e+2	4.800e+2	4.250e+2	3.510e+2	3.040e+2	2.700e+2	2.270e+2	1.990e+2 0	
60	146	Nd	2.100e+2	1.471e+2	1.217e+2	1.074e+2	9.800e+1	9.120e+1	8.210e+1	7.600e+1	7.170e+1	6.560e+1	6.130e+1 0	
60	147	Nd	2.191e+3	1.236e+3	9.090e+2	7.350e+2	6.230e+2	5.440e+2	4.370e+2	3.680e+2	3.180e+2	2.510e+2	2.080e+2 1	
60	148	Nd	4.140e+2	2.660e+2	2.090e+2	1.770e+2	1.590e+2	1.470e+2	1.300e+2	1.200e+2	1.130e+2	1.010e+2	9.300e+1 0	
60	150	Nd	5.910e+2	3.530e+2	2.610e+2	2.120e+2	1.810e+2	1.590e+2	1.430e+2	1.130e+2	1.010e+2	8.600e+1	7.700e+1 0	
61	147	Pm	2.257e+3	1.373e+3	1.055e+3	8.870e+2	7.820e+2	7.090e+2	6.130e+2	5.530e+2	5.030e+2	4.550e+2	4.180e+2 1	
61	148	Pm	1.348e+4	6.439e+3	4.756e+3 	3.902e+3	3.357e+3	2.970e+3	2.447e+3	2.107e+3	1.865e+3	1.536e+3	1.317e+3 1	
61	148	Pm	99999 	        99999 	        99999 	        99999 	        99999 	        2.453e+3	99999 	        99999  	        99999  	        99999 	        99999  	 0
61	149	Pm	9.728e+3	5.544e+3	4.067e+3	3.302e+3	2.830e+3	2.510e+3	2.093e+3	1.829e+3	1.639e+3	1.373e+3	1.187e+3 1	
62	144	Sm	2.170e+2	1.550e+2	1.260e+2	1.100e+2	1.000e+2	9.200e+1	8.200e+1	7.500e+1	7.000e+1	6.400e+1	6.000e+1 0	
62	147	Sm	3.250e+3	1.963e+3	1.496e+3	1.246e+3	1.085e+3	9.730e+2	8.240e+2	7.290e+2	6.620e+2	5.730e+2	5.140e+2 0	
62	148	Sm	6.640e+2	4.150e+2	3.300e+2	2.870e+2	2.590e+2	2.410e+2	2.170e+2	2.030e+2	1.940e+2	1.830e+2	1.750e+2 0	
62	149	Sm	7.326e+3	4.017e+3	2.948e+3	2.409e+3	2.059e+3	1.820e+3	1.515e+3	1.329e+3	1.203e+3	1.040e+3	9.350e+2 0	
62	150	Sm	1.176e+3	7.420e+2	5.870e+2	5.050e+2	4.550e+2	4.220e+2	3.800e+2	3.550e+2	3.370e+2	3.120e+2	2.930e+2 0	
62	151	Sm	8.447E+3	6.082e+3	4.704e+3	3.925e+3	3.407e+3	3.031e+3	2.510e+3	2.158e+3	1.920e+3	1.538e+3	1.291e+3 0 !(/9)	
62	152	Sm	1.249e+3	8.630e+2	6.870e+2	5.810e+2	5.190e+2	4.730e+2	4.100e+2	3.650e+2	3.310e+2	2.830e+2	2.500e+2 0	
62	153	Sm	5.243e+3	2.836e+3	1.990e+3	1.552e+3	1.280e+3	1.095e+3	8.550e+2	7.070e+2	6.060e+2	4.770e+2	3.990e+2 1	
62	154	Sm	5.610e+2	3.950e+2	3.150e+2	2.650e+2	2.320e+2	2.060e+2	1.710e+2	1.480e+2	1.310e+2	1.090e+2	9.600e+1 0	
63      151     Eu      1.151E+4        7.616E+3        5.645E+3        4.601E+3        3.896E+3        3.437E+3        2.899E+3        2.562E+3        2.326E+3        2.011E+3        1.786E+3 0 !(/10)
63	151	Eu	1.264e+4	7.853e+3	5.942e+3	4.894e+3	4.233e+3	3.775e+3	3.184e+3	2.814e+3	2.555e+3	2.209e+3	1.962e+3 0	
63	152	Eu	2.077e+4	1.356e+4	1.119e+4	9.647e+3	8.498e+3	7.600e+3	6.273e+3	5.341e+3	4.651e+3	3.697e+3	3.070e+3 1	
63      153     Eu      7.314E+3        4.914E+3        3.906E+3        3.314E+3        2.920E+3        2.628E+3        2.259E+3        2.001E+3        1.805E+3        1.526E+3        1.323E+3 0 !(/10)
63	153	Eu	7.737e+3	5.041e+3	4.007e+3	3.434e+3	3.057e+3	2.780e+3	2.390e+3	2.117e+3	1.909e+3	1.614e+3	1.400e+3 0	
63	154	Eu	1.294e+4	7.829e+3	6.427e+3	5.552e+3	4.914e+3	4.420e+3	3.687e+3	3.166e+3	2.774e+3	2.222e+3	1.852e+3 0	
63	155	Eu	4.661e+3	2.806e+3	2.112e+3	1.736e+3	1.493e+3	1.320e+3	1.082e+3	9.230e+2	8.070e+2	6.460e+2	5.400e+2 0	
64	152	Gd	3.275e+3	1.951e+3	1.507e+3	1.280e+3	1.142e+3	1.049e+3	9.330e+2	8.640e+2	8.180e+2	7.560e+2	7.120e+2 0	
64	153	Gd	1.629e+4	9.075e+3	7.078e+3	5.922e+3	5.131e+3	4.550e+3	3.736e+3	3.188e+3	2.789e+3	2.241e+3	1.879e+3 1	
64	154	Gd	2.801e+3	1.863e+3	1.477e+3	1.258e+3	1.124e+3	1.028e+3	8.980e+2	8.100e+2	7.450e+2	6.530e+2	5.910e+2 0	
64	155	Gd	7.264e+3	5.030e+3	3.980e+3	3.347e+3	2.943e+3	2.648e+3	2.233e+3	1.948e+3	1.738e+3	1.441e+3	1.238e+3 0	
64	156	Gd	1.629e+3	1.117e+3	8.920e+2	7.600e+2	6.770e+2	6.150e+2	5.280e+2	4.680e+2	4.240e+2	3.640e+2	3.250e+2 0	
64	157	Gd	4.251e+3	2.803e+3	2.163e+3	1.791e+3	1.547e+3	1.369e+3	1.123e+3	9.590e+2	8.410e+2	6.830e+2	5.800e+2 0	
64	158	Gd	8.420e+2	5.950e+2	4.790e+2	4.080e+2	3.600e+2	3.240e+2	2.720e+2	2.360e+2	2.090e+2	1.740e+2	1.520e+2 0	
64	160	Gd	5.460e+2	3.100e+2	2.430e+2	2.030e+2	1.750e+2	1.540e+2	1.260e+2	1.070e+2	9.300e+1	8.000e+1	6.600e+1 0	
65	159	Tb	4.365e+3	2.930e+3	2.330e+3	2.010e+3	1.750e+3	1.580e+3	1.340e+3	1.185e+3	1.070e+3	9.100e+2	8.000e+2 0	
65	160	Tb	9.155e+3	5.523e+3	4.583e+3	4.001e+3	3.574e+3	3.240e+3	2.740e+3	2.380e+3	2.106e+3	1.712e+3	1.441e+3 1	
66	156	Dy	5.442e+3	2.712e+3	2.126e+3	1.850e+3	1.682e+3	1.567e+3	1.412e+3	1.307e+3	1.229e+3	1.117e+3	1.039e+3 0	
66	158	Dy	3.190e+3	1.955e+3	1.524e+3	1.298e+3	1.158e+3	1.060e+3	9.280e+2	8.420e+2	7.780e+2	6.840e+2	6.170e+2 1	
66	160	Dy	2.267e+3	1.578e+3	1.271e+3	1.096e+3	9.780e+2	8.900e+2	7.640e+2	6.770e+2	6.130e+2	5.240e+2	4.650e+2 0	
66	161	Dy	5.710e+3	3.891e+3	3.051e+3	2.554e+3	2.214e+3	1.964e+3	1.615e+3	1.380e+3	1.210e+3	9.770e+2	8.250e+2 0	
66	162	Dy	1.129e+3	7.960e+2	6.410e+2	5.530e+2	4.920e+2	4.460e+2	3.790e+2	3.320e+2	2.970e+2	2.500e+2	2.190e+2 0	
66	163	Dy	3.178e+3	2.132e+3	1.671e+3	1.412e+3	1.238e+3	1.112e+3	9.360e+2	8.170e+2	7.290e+2	6.060e+2	5.220e+2 0	
66	164	Dy	5.920e+2	4.050e+2	3.200e+2	2.710e+2	2.370e+2	2.120e+2	1.750e+2	1.510e+2	1.330e+2	1.090e+2	9.360e+1 0	
67	163	Ho	5.806e+3	3.385e+3	2.872e+3	2.579e+3	2.303e+3	2.125e+3	1.868e+3	1.690e+3	1.558e+3	1.370e+3	1.237e+3 0	
67	165	Ho	3.301e+3	2.316e+3	1.867e+3	1.598e+3	1.416e+3	1.280e+3	1.092e+3	9.670e+2	8.770e+2	7.610e+2	6.920e+2 0	
68	162	Er	4.906e+3	2.646e+3	2.152e+3	1.902e+3	1.741e+3	1.624e+3	1.459e+3	1.346e+3	1.262e+3	1.144e+3	1.065e+3 0	
68	164	Er	3.067e+3	1.940e+3	1.537e+3	1.319e+3	1.182e+3	1.084e+3	9.510e+2	8.610e+2	7.970e+2	6.940e+2	6.330e+2 0	
68	166	Er	1.304e+3	9.700e+2	8.020e+2	6.950e+2	6.200e+2	5.630e+2	4.810e+2	4.260e+2	3.850e+2	3.320e+2	2.990e+2 0	
68	167	Er	4.457e+3	2.817e+3	2.192e+3	1.824e+3	1.588e+3	1.425e+3	1.217e+3	1.097e+3	1.021e+3	9.330e+2	8.850e+2 0	
68	168	Er	7.900e+2	5.940e+2	4.900e+2	4.220e+2	3.740e+2	3.380e+2	2.850e+2	2.500e+2	2.230e+2	1.880e+2	1.680e+2 0	
68	169	Er	1.926e+3	1.244e+3	9.840e+2	8.350e+2	7.310e+2	6.530e+2	5.390e+2	4.590e+2	4.010e+2	3.200e+2	2.690e+2 1	
68	170	Er	6.000e+2	3.740e+2	2.800e+2	2.280e+2	1.940e+2	1.700e+2	1.380e+2	1.170e+2	1.030e+2	8.540e+1	7.560e+1 0	
69	169	Tm	3.381e+3	2.200e+3	1.711e+3	1.436e+3	1.257e+3	1.129e+3	9.560e+2	8.450e+2	7.690e+2	6.680e+2	6.100e+2 0	
69	170	Tm	4.944e+3	3.028e+3	2.550e+3	2.252e+3	2.036e+3	1.870e+3	1.627e+3	1.454e+3	1.320e+3	1.124e+3	9.820e+2 1	
69	171	Tm	1.576e+3	9.520e+2	7.320e+2	6.140e+2	5.390e+2	4.860e+2	4.130e+2	3.640e+2	3.280e+2	2.790e+2	2.460e+2 1	
70	168	Yb	3.231e+3	1.815e+3	1.510e+3	1.349e+3	1.241e+3	1.160e+3	1.043e+3	9.610e+2	9.000e+2	8.140e+2	7.570e+2 1	
70	170	Yb	1.863e+3	1.322e+3	1.077e+3	9.360e+2	8.400e+2	7.680e+2	6.650e+2	5.920e+2	5.390e+2	4.640e+2	4.140e+2 0	
70	171	Yb	3.052e+3	2.183e+3	1.757e+3	1.509e+3	1.339e+3	1.210e+3	1.024e+3	8.930e+2	7.950e+2	6.570e+2	5.650e+2 0	
70	172	Yb	8.270e+2	5.990e+2	4.880e+2	4.230e+2	3.770e+2	3.410e+2	2.900e+2	2.540e+2	2.270e+2	1.900e+2	1.660e+2 0	
70	173	Yb	2.192e+3	1.456e+3	1.139e+3	9.600e+2	8.410e+2	7.540e+2	6.330e+2	5.520e+2	4.920e+2	4.100e+2	3.550e+2 0	
70	174	Yb	3.740e+2	2.710e+2	2.200e+2	1.900e+2	1.680e+2	1.510e+2	1.250e+2	1.080e+2	9.500e+1	7.800e+1	6.700e+1 0	
70	175	Yb	1.578e+3	1.032e+3	8.160e+2	6.960e+2	6.160e+2	5.580e+2	4.770e+2	4.220e+2	3.810e+2	3.220e+2	2.820e+2 1	
70	176	Yb	2.950e+2	2.130e+2	1.720e+2	1.470e+2	1.290e+2	1.160e+2	9.600e+1	8.200e+1	7.200e+1	5.800e+1	5.000e+1 0	
71	175	Lu	3.192e+3	2.309e+3	1.802e+3	1.525e+3	1.346e+3	1.219e+3	1.043e+3	9.240e+2	8.340e+2	7.010e+2	6.040e+2 0 !(/11)	
71	176	Lu	4.302e+3	3.109e+3	2.421e+3	2.046e+3	1.806e+3	1.639e+3	1.414e+3	1.264e+3	1.150e+3	9.810e+2	8.550e+2 0 !(/11)	
72	174	Hf	2.453e+3	1.436e+3	1.219e+3	1.100e+3	1.019e+3	9.560e+2	8.630e+2	7.970e+2	7.460e+2	6.740e+2	6.250e+2 1	
72	176	Hf	1.491e+3	1.111e+3	8.920e+2	7.690e+2	6.860e+2	6.260e+2	5.390e+2	4.800e+2	4.710e+2	3.800e+2	3.430e+2 0 !(/11)	
72	177	Hf	3.872e+3	2.849e+3	2.249e+3	1.916e+3	1.699e+3	1.544e+3	1.335e+3	1.199e+3	1.101e+3	9.650e+2	8.730e+2 0 !(/11)	
72	178	Hf	6.650e+2	5.560e+2	4.470e+2	3.880e+2	3.480e+2	3.190e+2	2.760e+2	2.460e+2	2.230e+2	1.910e+2	1.690e+2 0 !(/11)	
72	179	Hf	2.141e+3	1.753e+3	1.365e+3	1.154e+3	1.018e+3	9.220e+2	7.930e+2	7.060e+2	6.420e+2	5.500e+2	4.850e+2 0 !(/11)	
72	180	Hf	3.080e+2	2.630e+2	2.180e+2	1.910e+2	1.720e+2	1.570e+2	1.340e+2	1.180e+2	1.050e+2	8.800e+1	7.600e+1 0 !(/11)	
72	181	Hf	5.750e+2	3.810e+2	3.010e+2	2.530e+2	2.190e+2	1.940e+2	1.580e+2	1.340e+2	1.160e+2	9.300e+1	7.800e+1 1	
72	182	Hf	2.740e+2	1.900e+2	1.580e+2	1.400e+2	1.270e+2	1.170e+2	1.010e+2	8.800e+1	7.900e+1	6.500e+1	5.600e+1 1	
73	179	Ta	2.854e+3	1.938e+3	1.709e+3	1.551e+3	1.430e+3	1.334e+3	1.190e+3	1.087e+3	1.007e+3	8.900e+2	8.050e+2 1	
73	180	Ta	3.608e+3	2.695e+3	2.143e+3	1.824e+3	1.613e+3	1.465e+3	1.269e+3	1.145e+3	1.058e+3	9.420e+2	8.630e+2 0 !(/12)	
73	181	Ta	2.765e+3	1.633e+3	1.221e+3	1.002e+3	8.630e+2	7.660e+2	6.390e+2	5.570e+2	5.000e+2	4.230e+2	3.740e+2 0	
73	182	Ta	2.476e+3	1.630e+3	1.432e+3	1.302e+3	1.201e+3	1.120e+3	9.940e+2	8.980e+2	8.220e+2	7.050e+2	6.190e+2 1	
74	180	W	1.182e+3	8.870e+2	7.380e+2	6.470e+2	5.830e+2	5.360e+2	4.710e+2	4.280e+2	3.990e+2	3.630e+2	3.430e+2 0	
74	182	W	6.370e+2	4.590e+2	3.790e+2	3.310e+2	2.980e+2	2.740e+2	2.390e+2	2.150e+2	1.970e+2	1.730e+2	1.550e+2 0	
74	183	W	1.594e+3	1.030e+3	7.970e+2	6.650e+2	5.780e+2	5.150e+2	4.300e+2	3.740e+2	3.330e+2	2.770e+2	2.420e+2 0	
74	184	W	4.690e+2	3.610e+2	3.050e+2	2.690e+2	2.430e+2	2.240e+2	1.960e+2	1.780e+2	1.630e+2	1.440e+2	1.310e+2 0	
74	185	W	1.983e+3	1.335e+3	1.060e+3	8.970e+2	7.860e+2	7.030e+2	5.850e+2	5.040e+2	4.440e+2	3.600e+2	3.040e+2 1	
74	186	W	3.950e+2	2.900e+2	2.410e+2	2.120e+2	1.910e+2	1.760e+2	1.550e+2	1.400e+2	1.290e+2	1.140e+2	1.030e+2 0	
75	185	Re	3.445e+3	2.194e+3	1.925e+3	1.758e+3	1.634e+3	1.535e+3	1.385e+3	1.276e+3	1.191e+3	1.065e+3	9.750e+2 0	
75	186	Re	3.120e+3	2.144e+3	1.925e+3	1.772e+3	1.650e+3	1.550e+3	1.394e+3	1.276e+3	1.183e+3	1.040e+3	9.330e+2 1	
75	187	Re	3.755e+3	1.997e+3	1.620e+3	1.406e+3	1.263e+3	1.160e+3	1.015e+3	9.150e+2	8.390e+2	7.290e+2	6.500e+2 0	
76	184	Os	1.508e+3	9.300e+2	8.100e+2	7.420e+2	6.940e+2	6.570e+2	6.000e+2	5.580e+2	5.250e+2	4.760e+2	4.420e+2 1	
76	186	Os	1.040e+3	8.250e+2	6.550e+2	5.250e+2	4.630e+2	4.220e+2	3.660e+2	3.290e+2	3.110e+2	2.750e+2	2.390e+2 0	
76	187	Os	2.750e+3	2.038e+3	1.550e+3	1.200e+3	1.020e+3	8.960e+2	7.330e+2	6.290e+2	5.830e+2	4.920e+2	4.010e+2 0	
76	188	Os	8.750e+2	7.440e+2	6.000e+2	4.860e+2	4.400e+2	3.990e+2	3.500e+2	3.200e+2	3.030e+2	2.680e+2	2.340e+2 0	
76	189	Os	4.390e+3	2.599e+3	1.928e+3	1.564e+3	1.332e+3	1.168e+3	9.510e+2	8.110e+2	7.120e+2	5.800e+2	4.940e+2 0	
76	190	Os	8.080e+2	5.470e+2	4.350e+2	3.700e+2	3.270e+2	2.950e+2	2.510e+2	2.210e+2	1.990e+2	1.700e+2	1.500e+2 0	
76	191	Os	3.264e+3	2.237e+3	1.812e+3	1.568e+3	1.407e+3	1.290e+3	1.128e+3	1.017e+3	9.340e+2	8.140e+2	7.290e+2 1	
76	192	Os	6.470e+2	4.870e+2	4.130e+2	3.670e+2	3.350e+2	3.110e+2	2.760e+2	2.520e+2	2.340e+2	2.080e+2	1.900e+2 0	
77	191	Ir	4.352e+3	2.732e+3	2.088e+3	1.733e+3	1.505e+3	1.350e+3	1.132e+3	9.960e+2	9.030e+2	7.850e+2	7.170e+2 0	
77	192	Ir	4.276e+3	2.811e+3	2.519e+3	2.333e+3	2.192e+3	2.080e+3	1.909e+3	1.784e+3	1.685e+3	1.534e+3	1.418e+3 1	
77	193	Ir	3.100e+3	2.000e+3	1.540e+3	1.280e+3	1.110e+3	9.940e+2	8.320e+2	7.270e+2	6.530e+2	5.610e+2	5.070e+2 0	
78	190	Pt	1.527e+3	9.410e+2	8.230e+2	7.570e+2	7.110e+2	6.770e+2	6.300e+2	5.980e+2	5.750e+2	5.430e+2	5.190e+2 0	
78	192	Pt	1.354e+3	9.410e+2	7.790e+2	6.890e+2	6.300e+2	5.900e+2	5.370e+2	5.040e+2	4.810e+2	4.500e+2	4.270e+2 0	
78	193	Pt	3.106e+3	1.814e+3	1.523e+3	1.350e+3	1.223e+3	1.123e+3	9.710e+2	8.600e+2	7.740e+2	6.500e+2	5.640e+2 1	
78	194	Pt	8.730e+2	5.970e+2	4.890e+2	4.320e+2	3.920e+2	3.650e+2	3.300e+2	3.070e+2	2.910e+2	2.680e+2	2.500e+2 0	
78	195	Pt	2.167e+3	1.486e+3	1.210e+3	1.051e+3	9.420e+2	8.600e+2	7.370e+2	6.480e+2	5.770e+2	4.720e+2	3.970e+2 0	
78	196	Pt	5.010e+2	3.350e+2	2.710e+2	2.360e+2	2.140e+2	1.970e+2	1.770e+2	1.640e+2	1.550e+2	1.420e+2	1.330e+2 0	
78	198	Pt	2.360e+2	1.500e+2	1.170e+2	1.000e+2	8.900e+1	8.200e+1	7.200e+1	6.600e+1	6.300e+1	5.700e+1	5.300e+1 0	
79	197	Au	2.050e+3	1.208e+3	9.040e+2	7.460e+2	6.480e+2	5.820e+2	4.960e+2	4.420e+2	4.060e+2	3.560e+2	3.210e+2 0	
79	198	Au	2.101e+3	1.268e+3	1.096e+3	9.880e+2	9.060e+2	8.400e+2	7.400e+2	6.650e+2	6.060e+2	5.160e+2	4.470e+2 1	
80	196	Hg	1.622e+3	9.330e+2	8.030e+2	7.340e+2	6.860e+2	6.500e+2	6.000e+2	5.660e+2	5.430e+2	5.110e+2	4.890e+2 1	
80	198	Hg	5.880e+2	3.180e+2	2.400e+2	2.050e+2	1.860e+2	1.730e+2	1.590e+2	1.500e+2	1.450e+2	1.390e+2	1.350e+2 0	
80	199	Hg	1.348e+3	7.550e+2	5.500e+2	4.670e+2	4.110e+2	3.740e+2	3.250e+2	2.910e+2	2.640e+2	2.240e+2	1.980e+2 0	
80	200	Hg	3.240e+2	1.980e+2	1.550e+2	1.350e+2	1.230e+2	1.150e+2	1.060e+2	9.900e+1	9.400e+1	8.600e+1	8.000e+1 0	
80	201	Hg	9.500e+2	5.930e+2	4.460e+2	3.610e+2	3.050e+2	2.640e+2	2.110e+2	1.770e+2	1.550e+2	1.220e+2	1.060e+2 0	
80	202	Hg	1.790e+2	1.060e+2	8.700e+1	8.000e+1	7.700e+1	7.400e+1	7.000e+1	6.600e+1	6.300e+1	5.900e+1	5.500e+1 0	
80	203	Hg	3.750e+2	2.230e+2	1.650e+2	1.330e+2	1.120e+2	9.800e+1	7.900e+1	6.700e+1	5.900e+1	4.900e+1	4.200e+1 1	
80	204	Hg	9.300e+1	6.300e+1	5.100e+1	4.600e+1	4.400e+1	4.200e+1	3.900e+1	3.700e+1	3.500e+1	3.100e+1	2.900e+1 0	
81	203	Tl	3.800e+2	3.070e+2	2.140e+2	1.670e+2	1.400e+2	1.240e+2	9.300e+1	7.600e+1	6.300e+1	5.000e+1	4.000e+1 0	
81	204	Tl	8.740e+2	4.120e+2	3.170e+2	2.690e+2	2.380e+2	2.150e+2	1.830e+2	1.610e+2	1.450e+2	1.220e+2	1.060e+2 1	
81	205	Tl	1.020e+2	8.900e+1	7.400e+1	6.500e+1	5.800e+1	5.400e+1	4.600e+1	4.000e+1	3.500e+1	2.500e+1	1.500e+1 0	
82	204	Pb	1.680e+2	1.390e+2	1.180e+2	1.050e+2	9.600e+1	8.950e+1	8.000e+1	7.300e+1	6.700e+1	5.700e+1	5.000e+1 0	
82	205	Pb	6.040e+2	2.680e+2	1.970e+2	1.620e+2	1.400e+2	1.250e+2	1.040e+2	9.100e+1	8.100e+1	6.800e+1	6.000e+1 1	
82	206	Pb	2.550e+1	2.340e+1	2.100e+1	1.730e+1	1.620e+1	1.580e+1	1.510e+1	1.430e+1	1.360e+1	1.210e+1	1.100e+1 0	
82	207	Pb	1.390e+1	1.230e+1	1.230e+1	1.160e+1	1.070e+1	9.700e+0	8.100e+0	6.900e+0	6.000e+0	5.200e+0	4.700e+0 0	
82	208	Pb	5.800e-2	1.180e-1	1.980e-1	2.680e-1	3.200e-1	3.600e-1	3.940e-1	4.100e-1	4.110e-1	3.950e-1	3.660e-1 0	
83	209	Bi	1.125e+1	6.130e+0	4.270e+0	3.400e+0	2.950e+0	2.700e+0	2.460e+0	2.330e+0	2.200e+0	2.100e+0	2.000e+0 0	
83	210	Bi	1.800e+1	1.000e+1	8.000e+0	7.000e+0	7.000e+0	6.000e+0	5.000e+0	5.000e+0	4.000e+0	4.000e+0	3.000e+0 1	


(/1): Wagoner R., 1969, ApJS 18, 247 (not in Bao).
(/2): M.Heil priv.comm. feb.2005.
(/3): K.H. Guber, P.E. Koehler, H. Derrien, T.E. Valentine, L.C. Leal, R.O. Sayer, and T. Rauscher, Phys. Rev C 67, (2003) 062802.
In Guber03 cross sections are given up to 50KeV. For Si28 the MACS between 60 KeV and 100KeV are normalized with respect the MACS at 30 KeV.
For SI29 and Si30 the MACS between 60 KeV and 100KeV are the same of Bao2000  (@@@ talk to Heil!!!!). 
err 30 Kev: Si28=0.13, Si29=0.95, Si30=0.33
(/4)K.H. Guber, R.O. Sayer, T.E. Valentine, L.C. Leal, R.R. Spencer, J.A. Harvey, P.E. Koehler, and T. Rauscher, Phys. Rev C 65, (2002) 058801. 
err 30 Kev: CL35=0.29, Cl37=0.16
(/5): Bao2000 renormalized to Nassar et al. 2005 PhRL 94 092504 (Bao2000*f=2.44). 
(/6): K. Wisshak, F. Voss, F. Käppeler, L. Kazakov, Phys. Rev. C66, (2002) 025801 included in Kadonis.
In the paper the MACS are available from 8KeV. 
The 5 KeV MACS in this table are calculated with a linear extrapolation from the MACS at 8KeV and 10KeV.
(/7): Koehler et al. Phys. Rev. C 64, 065802 (2001). 
In the paper available MACS at 8,23,30KeV. 
I normalised the Bao2000 recommended values with respect the changement factor at 30KeV 
(f=1.058 and f=1.05 for Sn116 and Sn120, respectively). Better an extrapolation?(@@@ talk to Heil!!!!)
err 30 Kev: Sn116=3.0, Sn120=1.2
(/8): R. Reifarth, M. Heil, F. Käppeler, F. Voss, K. Wisshak, F. Becvar, M. Krticka, R. Gallino, and Y. Nagai, Phys. Rev. C 66, 064603 (2002).
values at 5KeV not included in original Kadonis table.
(@@@ control origin of 5 Kev values!)
(/9): K. Wisshak, F. Voss, F. Käppeler, M. Krticka, and S. Raman, Report FZKA 6996, Forschungszentrum Karlsruhe (2004).
values at 5KeV not included in original Kadonis table.
(@@@ control origin of 5 Kev values!)
(/10): J. Best, H. Stoll, C. Arlandini, S. Jaag, F. Käppeler, K. Wisshak, A. Mengoni, G. Reffo, and T. Rauscher, Phys. Rev. C64, (2001) 015801. 
err 30 Kev: Eu151=200, Eu153=80 
(/11): K. Wisshak, F. Voss, F. Käppeler, L. Kazakov, and M. Krticka, Report FZKA 6962, Forschungszentrum Karlsruhe (2004). 
values at 5KeV not included in original Kadonis table.
(@@@ control origin of 5 Kev values!)
(/12): K. Wisshak, F. Voss, C. Arlandini, F. Käppeler, M. Heil, R. Reifarth, M. Krticka, and F. Becvar, Phys. Rev. C 69, 055801 (2004). 
Wisshak04.Ta180m. MACS at 5KeV calculated with alinear extrapolation using 8KeV and 10KeV MACS. 







