Z	A	Sym	5	10	15	20	25	30	40	50	60	80	100(keV)
1	1	H	1.00	1.00	1.00	1.00	1.00	1.00	1.00	1.00	1.00	1.00	1.00	
1	2	H	1.00	1.00	1.00	1.00	1.00	1.00	1.00	1.00	1.00	1.00	1.00	
2	3	He	1.00	1.00	1.00	1.00	1.00	1.00	1.00	1.00	1.00	1.00	1.00	
3	7	Li	1.00	1.00	1.00	1.00	1.00	1.00	1.00	1.00	1.00	1.00	1.00	
4	9	Be	1.00	1.00	1.00	1.00	1.00	1.00	1.00	1.00	1.00	1.00	1.00	
6	12	C	1.00	1.00	1.00	1.00	1.00	1.00	1.00	1.00	1.00	1.00	1.00	
6	13	C	1.00	1.00	1.00	1.00	1.00	1.00	1.00	1.00	1.00	1.00	1.00	
6	14	C	1.00	1.00	1.00	1.00	1.00	1.00	1.00	1.00	1.00	1.00	1.00	
7	14	N	1.00	1.00	1.00	1.00	1.00	1.00	1.00	1.00	1.00	1.00	1.00	
7	15	N	1.00	1.00	1.00	1.00	1.00	1.00	1.00	1.00	1.00	1.00	1.00	
8	16	O	1.00	1.00	1.00	1.00	1.00	1.00	1.00	1.00	1.00	1.00	1.00	
8	17	O	1.00	1.00	1.00	1.00	1.00	1.00	1.00	1.00	1.00	1.00	1.00	
8	18	O	1.00	1.00	1.00	1.00	1.00	1.00	1.00	1.00	1.00	1.00	1.00	
9	19	F	1.00	1.00	1.00	1.00	1.00	1.00	1.00	1.00	1.00	1.00	1.00	
10	20	Ne	1.00	1.00	1.00	1.00	1.00	1.00	1.00	1.00	1.00	1.00	1.00	
10	21	Ne	1.00	1.00	1.00	1.00	1.00	1.00	1.00	1.00	1.00	0.99	0.97	
10	22	Ne	1.00	1.00	1.00	1.00	1.00	1.00	1.00	1.00	1.00	1.00	1.00	
11	23	Na	1.00	1.00	1.00	1.00	1.00	1.00	1.00	1.00	1.00	1.00	0.99	
12	24	Mg	1.00	1.00	1.00	1.00	1.00	1.00	1.00	1.00	1.00	1.00	1.00	
12	25	Mg	1.00	1.00	1.00	1.00	1.00	1.00	1.00	1.00	1.00	1.00	1.00	
12	26	Mg	1.00	1.00	1.00	1.00	1.00	1.00	1.00	1.00	1.00	1.00	1.00	
13	26	Al	1.00	1.00	1.00	1.00	1.00	1.00	1.00	1.00	1.00	1.00	0.99	
13	27	Al	1.00	1.00	1.00	1.00	1.00	1.00	1.00	1.00	1.00	1.00	1.00	
14	28	Si	1.00	1.00	1.00	1.00	1.00	1.00	1.00	1.00	1.00	1.00	1.00	
14	29	Si	1.00	1.00	1.00	1.00	1.00	1.00	1.00	1.00	1.00	1.00	1.00	
14	30	Si	1.00	1.00	1.00	1.00	1.00	1.00	1.00	1.00	1.00	1.00	1.00	
15	31	P	1.00	1.00	1.00	1.00	1.00	1.00	1.00	1.00	1.00	1.00	1.00	
16	32	S	1.00	1.00	1.00	1.00	1.00	1.00	1.00	1.00	1.00	1.00	1.00	
16	33	S	1.00	1.00	1.00	1.00	1.00	1.00	1.00	1.00	1.00	1.00	1.00	
16	34	S	1.00	1.00	1.00	1.00	1.00	1.00	1.00	1.00	1.00	1.00	1.00	
16	36	S	1.00	1.00	1.00	1.00	1.00	1.00	1.00	1.00	1.00	1.00	1.00	
17	35	Cl	1.00	1.00	1.00	1.00	1.00	1.00	1.00	1.00	1.00	1.00	1.00	
17	36	Cl	1.00	1.00	1.00	1.00	1.00	1.00	1.00	1.00	1.00	1.00	1.00	
17	37	Cl	1.00	1.00	1.00	1.00	1.00	1.00	1.00	1.00	1.00	1.00	1.00	
18	36	Ar	1.00	1.00	1.00	1.00	1.00	1.00	1.00	1.00	1.00	1.00	1.00	
18	38	Ar	1.00	1.00	1.00	1.00	1.00	1.00	1.00	1.00	1.00	1.00	1.00	
18	39	Ar	1.00	1.00	1.00	1.00	1.00	1.00	1.00	1.00	1.00	1.00	1.00	
18	40	Ar	1.00	1.00	1.00	1.00	1.00	1.00	1.00	1.00	1.00	1.00	1.00	
19	39	K	1.00	1.00	1.00	1.00	1.00	1.00	1.00	1.00	1.00	1.00	1.00	
19	40	K	1.00	0.99	0.98	0.98	0.98	0.98	0.99	1.00	1.01	1.02	1.03	
19	41	K	1.00	1.00	1.00	1.00	1.00	1.00	1.00	1.00	1.00	1.00	1.00	
20	40	Ca	1.00	1.00	1.00	1.00	1.00	1.00	1.00	1.00	1.00	1.00	1.00	
20	41	Ca	1.00	1.00	1.00	1.00	1.00	1.00	1.00	1.00	1.00	1.00	1.00	
20	42	Ca	1.00	1.00	1.00	1.00	1.00	1.00	1.00	1.00	1.00	1.00	1.00	
20	43	Ca	1.00	1.00	1.00	1.00	1.00	1.00	1.00	1.00	1.00	1.00	0.99	
20	44	Ca	1.00	1.00	1.00	1.00	1.00	1.00	1.00	1.00	1.00	1.00	1.00	
20	45	Ca	1.00	1.00	1.00	1.00	1.00	1.00	1.00	0.99	0.98	0.97	0.95	
20	46	Ca	1.00	1.00	1.00	1.00	1.00	1.00	1.00	1.00	1.00	1.00	1.00	
20	48	Ca	1.00	1.00	1.00	1.00	1.00	1.00	1.00	1.00	1.00	1.00	1.00	
21	45	Sc	0.99	0.96	0.94	0.94	0.93	0.93	0.92	0.92	0.92	0.91	0.90	
22	46	Ti	1.00	1.00	1.00	1.00	1.00	1.00	1.00	1.00	1.00	1.00	1.00	
22	47	Ti	1.00	1.00	1.00	1.00	1.00	1.00	0.99	0.97	0.96	0.93	0.91	
22	48	Ti	1.00	1.00	1.00	1.00	1.00	1.00	1.00	1.00	1.00	1.00	1.00	
22	49	Ti	1.00	1.00	1.00	1.00	1.00	1.00	1.00	1.00	1.00	1.00	1.00	
22	50	Ti	1.00	1.00	1.00	1.00	1.00	1.00	1.00	1.00	1.00	1.00	1.00	
23	50	V	1.00	1.00	1.00	1.00	1.00	1.00	1.00	1.00	1.00	0.99	0.99	
23	51	V	1.00	1.00	1.00	1.00	1.00	1.00	1.00	1.00	1.00	0.99	0.98	
24	50	Cr	1.00	1.00	1.00	1.00	1.00	1.00	1.00	1.00	1.00	1.00	1.00	
24	51	Cr	1.00	1.00	1.00	1.00	1.00	1.00	1.00	1.00	1.00	1.00	1.00	
24	52	Cr	1.00	1.00	1.00	1.00	1.00	1.00	1.00	1.00	1.00	1.00	1.00	
24	53	Cr	1.00	1.00	1.00	1.00	1.00	1.00	1.00	1.00	1.00	1.00	1.00	
24	54	Cr	1.00	1.00	1.00	1.00	1.00	1.00	1.00	1.00	1.00	1.00	1.00	
25	55	Mn	1.00	1.00	1.00	1.00	1.00	0.99	0.97	0.96	0.94	0.91	0.90	
26	54	Fe	1.00	1.00	1.00	1.00	1.00	1.00	1.00	1.00	1.00	1.00	1.00	
26	55	Fe	1.00	1.00	1.00	1.00	1.00	1.00	1.00	1.00	1.00	1.00	0.99	
26	56	Fe	1.00	1.00	1.00	1.00	1.00	1.00	1.00	1.00	1.00	1.00	1.00	
26	57	Fe	1.00	1.00	1.03	1.06	1.09	1.12	1.16	1.19	1.21	1.25	1.27	
26	58	Fe	1.00	1.00	1.00	1.00	1.00	1.00	1.00	1.00	1.00	1.00	1.00	
26	60	Fe	1.00	1.00	1.00	1.00	1.00	1.00	1.00	1.00	1.00	1.00	1.00	
27	59	Co	1.00	1.00	1.00	1.00	1.00	1.00	1.00	1.00	1.00	1.00	1.00	
28	58	Ni	1.00	1.00	1.00	1.00	1.00	1.00	1.00	1.00	1.00	1.00	1.00	
28	59	Ni	1.00	1.00	1.00	1.00	1.00	1.00	1.00	1.00	1.00	0.99	0.98	
28	60	Ni	1.00	1.00	1.00	1.00	1.00	1.00	1.00	1.00	1.00	1.00	1.00	
28	61	Ni	1.00	1.00	1.00	0.99	0.98	0.97	0.96	0.95	0.95	0.97	0.98	
28	62	Ni	1.00	1.00	1.00	1.00	1.00	1.00	1.00	1.00	1.00	1.00	1.00	
28	63	Ni	1.00	1.00	1.00	1.00	1.00	0.99	0.98	0.98	0.98	1.00	1.02	
28	64	Ni	1.00	1.00	1.00	1.00	1.00	1.00	1.00	1.00	1.00	1.00	1.00	
29	63	Cu	1.00	1.00	1.00	1.00	1.00	1.00	1.00	1.00	1.00	1.00	1.00	
29	65	Cu	1.00	1.00	1.00	1.00	1.00	1.00	1.00	1.00	1.00	1.00	1.00	
30	64	Zn	1.00	1.00	1.00	1.00	1.00	1.00	1.00	1.00	1.00	1.00	1.00	
30	65	Zn	1.00	1.00	1.00	0.99	0.98	0.97	0.94	0.91	0.89	0.84	0.81	
30	66	Zn	1.00	1.00	1.00	1.00	1.00	1.00	1.00	1.00	1.00	1.00	1.00	
30	67	Zn	1.00	1.00	1.00	1.00	1.00	0.99	0.98	0.97	0.95	0.92	0.89	
30	68	Zn	1.00	1.00	1.00	1.00	1.00	1.00	1.00	1.00	1.00	1.00	1.00	
30	70	Zn	1.00	1.00	1.00	1.00	1.00	1.00	1.00	1.00	1.00	1.00	1.00	
31	69	Ga	1.00	1.00	1.00	1.00	1.00	1.00	1.00	1.00	1.00	0.99	0.99	
31	71	Ga	1.00	1.00	1.00	1.00	1.00	1.00	1.00	1.00	1.00	0.99	0.98	
32	70	Ge	1.00	1.00	1.00	1.00	1.00	1.00	1.00	1.00	1.00	1.00	1.00	
32	72	Ge	1.00	1.00	1.00	1.00	1.00	1.00	1.00	1.00	1.00	1.00	1.00	
32	73	Ge	1.00	1.01	1.01	1.00	0.99	0.98	0.95	0.93	0.92	0.89	0.86	
32	74	Ge	1.00	1.00	1.00	1.00	1.00	1.00	1.00	1.00	1.00	1.00	1.00	
32	76	Ge	1.00	1.00	1.00	1.00	1.00	1.00	1.00	1.00	1.00	1.00	1.00	
33	75	As	1.00	1.00	1.00	1.00	1.00	1.00	1.00	0.99	0.97	0.93	0.88	
34	74	Se	1.00	1.00	1.00	1.00	1.00	1.00	1.00	1.00	1.00	1.00	1.00	
34	76	Se	1.00	1.00	1.00	1.00	1.00	1.00	1.00	1.00	1.00	1.00	1.00	
34	77	Se	1.00	1.00	1.00	1.00	1.00	1.00	1.00	1.00	0.99	0.96	0.94	
34	78	Se	1.00	1.00	1.00	1.00	1.00	1.00	1.00	1.00	1.00	1.00	1.00	
34	79	Se	1.00	1.00	1.00	1.00	1.00	0.99	0.97	0.95	0.92	0.88	0.85	
34	80	Se	1.00	1.00	1.00	1.00	1.00	1.00	1.00	1.00	1.00	1.00	1.00	
34	82	Se	1.00	1.00	1.00	1.00	1.00	1.00	1.00	1.00	1.00	1.00	1.00	
35	79	Br	1.00	1.00	1.00	1.00	1.00	1.00	1.00	0.99	0.99	0.97	0.95	
35	81	Br	1.00	1.00	1.00	1.00	1.00	1.00	1.00	1.00	1.00	0.99	0.98	
36	78	Kr	1.00	1.00	1.00	1.00	1.00	1.00	1.00	1.00	1.00	1.01	1.02	
36	79	Kr	1.00	1.00	1.00	1.00	1.01	1.02	1.04	1.07	1.09	1.12	1.14	
36	80	Kr	1.00	1.00	1.00	1.00	1.00	1.00	1.00	1.00	1.00	1.00	1.00	
36	81	Kr	1.00	1.00	0.99	0.97	0.96	0.95	0.94	0.93	0.92	0.92	0.92	
36	82	Kr	1.00	1.00	1.00	1.00	1.00	1.00	1.00	1.00	1.00	1.00	1.00	
36	83	Kr	0.98	0.97	0.96	0.97	0.97	0.97	0.97	0.97	0.97	0.97	0.96	
36	84	Kr	1.00	1.00	1.00	1.00	1.00	1.00	1.00	1.00	1.00	1.00	1.00	
36	85	Kr	1.00	1.00	1.00	1.00	1.00	1.00	1.00	1.00	1.00	1.00	1.00	
36	86	Kr	1.00	1.00	1.00	1.00	1.00	1.00	1.00	1.00	1.00	1.00	1.00	
37	85	Rb	1.00	1.00	1.00	1.00	1.00	1.00	0.99	0.98	0.97	0.94	0.91	
37	86	Rb	1.00	1.00	1.00	1.00	1.00	1.00	1.00	1.00	1.00	1.00	1.00	
37	87	Rb	1.00	1.00	1.00	1.00	1.00	1.00	1.00	1.00	1.00	1.00	0.99	
38	84	Sr	1.00	1.00	1.00	1.00	1.00	1.00	1.00	1.00	1.00	1.00	1.00	
38	86	Sr	1.00	1.00	1.00	1.00	1.00	1.00	1.00	1.00	1.00	1.00	1.00	
38	87	Sr	1.00	1.00	1.00	1.00	1.00	1.00	1.00	1.00	1.00	1.00	1.00	
38	88	Sr	1.00	1.00	1.00	1.00	1.00	1.00	1.00	1.00	1.00	1.00	1.00	
38	89	Sr	1.00	1.00	1.00	1.00	1.00	1.00	1.00	1.00	1.00	1.00	1.00	
39	89	Y	1.00	1.00	1.00	1.00	1.00	1.00	1.00	1.00	1.00	1.00	1.00	
40	90	Zr	1.00	1.00	1.00	1.00	1.00	1.00	1.00	1.00	1.00	1.00	1.00	
40	91	Zr	1.00	1.00	1.00	1.00	1.00	1.00	1.00	1.00	1.00	1.00	1.00	
40	92	Zr	1.00	1.00	1.00	1.00	1.00	1.00	1.00	1.00	1.00	1.00	1.00	
40	93	Zr	1.00	1.00	1.00	1.00	1.00	1.00	1.00	1.00	0.99	0.98	0.97	
40	94	Zr	1.00	1.00	1.00	1.00	1.00	1.00	1.00	1.00	1.00	1.00	1.00	
40	95	Zr	1.00	1.00	1.00	1.00	1.00	1.00	1.00	1.00	1.00	1.00	1.00	
40	96	Zr	1.00	1.00	1.00	1.00	1.00	1.00	1.00	1.00	1.00	1.00	1.00	
41	93	Nb	1.00	1.00	0.99	0.99	0.98	0.98	0.97	0.97	0.97	0.96	0.96	
41	94	Nb	1.00	1.00	0.99	0.98	0.96	0.94	0.91	0.88	0.86	0.85	0.85	
41	95	Nb	1.00	1.00	1.00	1.00	1.00	1.00	1.00	1.00	1.00	1.00	1.00	
42	100	Mo	1.00	1.00	1.00	1.00	1.00	1.00	1.00	1.00	1.00	1.00	1.00	
42	92	Mo	1.00	1.00	1.00	1.00	1.00	1.00	1.00	1.00	1.00	1.00	1.00	
42	94	Mo	1.00	1.00	1.00	1.00	1.00	1.00	1.00	1.00	1.00	1.00	1.00	
42	95	Mo	1.00	1.00	1.00	1.00	1.00	1.00	1.00	0.99	0.99	0.97	0.95	
42	96	Mo	1.00	1.00	1.00	1.00	1.00	1.00	1.00	1.00	1.00	1.00	1.00	
42	97	Mo	1.00	1.00	1.00	1.00	1.00	1.00	1.00	1.00	1.00	1.00	1.00	
42	98	Mo	1.00	1.00	1.00	1.00	1.00	1.00	1.00	1.00	1.00	1.00	1.00	
42	99	Mo	1.00	1.00	1.00	1.00	1.01	1.02	1.05	1.07	1.09	1.11	1.13	
43	99	Tc	1.00	1.00	1.00	1.00	1.00	1.00	0.99	0.97	0.96	0.92	0.90	
44	100	Ru	1.00	1.00	1.00	1.00	1.00	1.00	1.00	1.00	1.00	1.00	1.01	
44	101	Ru	1.00	1.00	1.00	1.00	1.00	0.99	0.98	0.97	0.95	0.91	0.87	
44	102	Ru	1.00	1.00	1.00	1.00	1.00	1.00	1.00	1.00	1.00	1.00	1.01	
44	103	Ru	1.05	1.09	1.11	1.13	1.14	1.15	1.16	1.16	1.16	1.14	1.12	
44	104	Ru	1.00	1.00	1.00	1.00	1.00	1.00	1.00	1.00	1.00	1.01	1.03	
44	96	Ru	1.00	1.00	1.00	1.00	1.00	1.00	1.00	1.00	1.00	1.00	1.00	
44	98	Ru	1.00	1.00	1.00	1.00	1.00	1.00	1.00	1.00	1.00	1.00	1.00	
44	99	Ru	1.00	1.00	1.00	1.00	0.99	0.98	0.97	0.95	0.93	0.90	0.88	
45	103	Rh	1.00	1.02	1.07	1.11	1.13	1.14	1.13	1.12	1.11	1.09	1.08	
46	102	Pd	1.00	1.00	1.00	1.00	1.00	1.00	1.00	1.00	1.00	1.00	1.00	
46	104	Pd	1.00	1.00	1.00	1.00	1.00	1.00	1.00	1.00	1.00	1.00	1.01	
46	105	Pd	1.00	1.00	1.00	1.00	1.00	1.00	1.00	1.00	0.99	0.97	0.93	
46	106	Pd	1.00	1.00	1.00	1.00	1.00	1.00	1.00	1.00	1.00	1.00	1.01	
46	107	Pd	1.00	1.00	1.00	1.00	1.00	1.00	0.99	0.99	0.98	0.95	0.91	
46	108	Pd	1.00	1.00	1.00	1.00	1.00	1.00	1.00	1.00	1.00	1.01	1.02	
46	110	Pd	1.00	1.00	1.00	1.00	1.00	1.00	1.00	1.00	1.00	1.02	1.04	
47	107	Ag	1.00	1.00	1.00	1.01	1.03	1.06	1.10	1.12	1.13	1.14	1.15	
47	109	Ag	1.00	1.00	0.99	0.96	0.90	0.83	0.69	0.58	0.51	0.41	0.36	
47	110	Ag	1.06	1.07	1.08	1.09	1.09	1.10	1.11	1.12	1.12	1.13	1.14	
48	106	Cd	1.00	1.00	1.00	1.00	1.00	1.00	1.00	1.00	1.00	1.00	1.00	
48	108	Cd	1.00	1.00	1.00	1.00	1.00	1.00	1.00	1.00	1.00	1.00	1.01	
48	110	Cd	1.00	1.00	1.00	1.00	1.00	1.00	1.00	1.00	1.00	1.00	1.00	
48	111	Cd	1.00	1.00	1.00	1.00	1.00	1.00	1.00	1.00	1.01	1.02	1.03	
48	112	Cd	1.00	1.00	1.00	1.00	1.00	1.00	1.00	1.00	1.00	1.00	1.01	
48	113	Cd	1.00	1.00	1.00	1.00	1.00	1.00	1.00	1.01	1.03	1.06	1.08	
48	114	Cd	1.00	1.00	1.00	1.00	1.00	1.00	1.00	1.00	1.00	1.00	1.01	
48	115	Cd	1.00	1.00	1.00	1.00	1.00	1.01	1.03	1.06	1.09	1.12	1.12	
48	116	Cd	1.00	1.00	1.00	1.00	1.00	1.00	1.00	1.00	1.00	1.00	1.01	
49	113	In	1.00	1.00	1.00	1.00	1.00	1.00	1.00	1.00	1.00	1.00	1.00	
49	114	In	0.86	0.85	0.84	0.84	0.84	0.84	0.84	0.85	0.86	0.88	0.89	
49	115	In	1.00	1.00	1.00	1.00	1.00	1.00	1.00	1.00	1.00	1.00	1.00	
50	112	Sn	1.00	1.00	1.00	1.00	1.00	1.00	1.00	1.00	1.00	1.00	1.00	
50	114	Sn	1.00	1.00	1.00	1.00	1.00	1.00	1.00	1.00	1.00	1.00	1.00	
50	115	Sn	1.00	1.00	1.00	1.00	1.00	1.00	1.00	1.00	1.00	1.00	1.01	
50	116	Sn	1.00	1.00	1.00	1.00	1.00	1.00	1.00	1.00	1.00	1.00	1.00	
50	117	Sn	1.00	1.00	1.00	1.00	1.00	1.00	1.00	1.00	1.01	1.05	1.10	
50	118	Sn	1.00	1.00	1.00	1.00	1.00	1.00	1.00	1.00	1.00	1.00	1.00	
50	119	Sn	1.00	1.01	1.03	1.06	1.11	1.16	1.26	1.34	1.40	1.49	1.56	
50	120	Sn	1.00	1.00	1.00	1.00	1.00	1.00	1.00	1.00	1.00	1.00	1.00	
50	121	Sn	1.20	1.18	1.14	1.11	1.09	1.07	1.05	1.04	1.03	1.03	1.04	
50	122	Sn	1.00	1.00	1.00	1.00	1.00	1.00	1.00	1.00	1.00	1.00	1.00	
50	124	Sn	1.00	1.00	1.00	1.00	1.00	1.00	1.00	1.00	1.00	1.00	1.00	
50	125	Sn	1.00	1.00	1.00	1.00	1.00	1.00	1.00	1.00	1.00	1.00	0.99	
50	126	Sn	1.00	1.00	1.00	1.00	1.00	1.00	1.00	1.00	1.00	1.00	1.00	
51	121	Sb	1.00	1.00	1.00	1.00	0.99	1.00	1.00	1.01	1.01	1.03	1.04	
51	122	Sb	1.00	1.00	1.00	0.99	0.98	0.98	0.97	0.96	0.95	0.94	0.93	
51	123	Sb	1.00	1.00	1.00	1.00	1.00	1.00	1.00	0.99	0.98	0.97	0.95	
51	125	Sb	1.00	1.00	1.00	1.00	1.00	1.00	1.00	1.00	1.00	0.99	0.99	
52	120	Te	1.00	1.00	1.00	1.00	1.00	1.00	1.00	1.00	1.00	1.00	1.01	
52	122	Te	1.00	1.00	1.00	1.00	1.00	1.00	1.00	1.00	1.00	1.00	1.01	
52	123	Te	1.00	1.00	1.00	1.00	1.00	1.00	1.01	1.03	1.07	1.14	1.20	
52	124	Te	1.00	1.00	1.00	1.00	1.00	1.00	1.00	1.00	1.00	1.00	1.01	
52	125	Te	1.00	1.01	1.02	1.04	1.07	1.10	1.18	1.26	1.34	1.44	1.49	
52	126	Te	1.00	1.00	1.00	1.00	1.00	1.00	1.00	1.00	1.00	1.00	1.00	
52	128	Te	1.00	1.00	1.00	1.00	1.00	1.00	1.00	1.00	1.00	1.00	1.00	
52	130	Te	1.00	1.00	1.00	1.00	1.00	1.00	1.00	1.00	1.00	1.00	1.00	
53	127	I	1.00	1.00	1.00	0.99	0.99	0.99	0.99	0.99	0.99	1.00	1.00	
53	129	I	1.00	0.99	0.97	0.96	0.95	0.94	0.93	0.92	0.91	0.90	0.89	
54	124	Xe	1.00	1.00	1.00	1.00	1.00	1.00	1.00	1.00	1.01	1.03	1.06	
54	126	Xe	1.00	1.00	1.00	1.00	1.00	1.00	1.00	1.00	1.01	1.02	1.05	
54	128	Xe	1.00	1.00	1.00	1.00	1.00	1.00	1.00	1.00	1.00	1.01	1.03	
54	129	Xe	1.00	1.00	1.02	1.03	1.05	1.07	1.11	1.16	1.21	1.31	1.38	
54	130	Xe	1.00	1.00	1.00	1.00	1.00	1.00	1.00	1.00	1.00	1.00	1.01	
54	131	Xe	1.00	1.00	1.00	0.99	0.99	0.99	1.00	1.02	1.05	1.09	1.11	
54	132	Xe	1.00	1.00	1.00	1.00	1.00	1.00	1.00	1.00	1.00	1.00	1.00	
54	133	Xe	1.00	1.00	1.00	1.00	1.00	1.00	1.00	1.01	1.02	1.05	1.08	
54	134	Xe	1.00	1.00	1.00	1.00	1.00	1.00	1.00	1.00	1.00	1.00	1.00	
54	136	Xe	1.00	1.00	1.00	1.00	1.00	1.00	1.00	1.00	1.00	1.00	1.00	
55	133	Cs	1.00	1.00	1.00	1.00	0.99	0.98	0.96	0.94	0.92	0.89	0.86	
55	134	Cs	0.98	0.97	0.97	0.98	0.99	0.99	1.00	1.01	1.01	0.99	0.97	
55	135	Cs	1.00	1.00	1.00	1.00	1.00	1.00	1.00	1.00	0.99	0.98	0.97	
56	130	Ba	1.00	1.00	1.00	1.00	1.00	1.00	1.00	1.00	1.01	1.03	1.08	
56	132	Ba	1.00	1.00	1.00	1.00	1.00	1.00	1.00	1.00	1.00	1.00	1.02	
56	134	Ba	1.00	1.00	1.00	1.00	1.00	1.00	1.00	1.00	1.00	1.00	1.01	
56	135	Ba	1.00	1.00	1.00	1.00	1.00	1.00	1.00	1.01	1.03	1.07	1.12	
56	136	Ba	1.00	1.00	1.00	1.00	1.00	1.00	1.00	1.00	1.00	1.00	1.00	
56	137	Ba	1.00	1.00	1.00	1.00	1.00	1.00	1.00	1.00	1.00	0.99	0.99	
56	138	Ba	1.00	1.00	1.00	1.00	1.00	1.00	1.00	1.00	1.00	1.00	1.00	
57	138	La	1.00	1.00	1.00	1.00	0.99	0.98	0.96	0.93	0.90	0.84	0.79	
57	139	La	1.00	1.00	1.00	1.00	1.00	1.00	0.99	0.99	0.98	0.96	0.94	
58	132	Ce	1.00	1.00	1.00	1.00	1.00	1.00	1.00	1.00	1.01	1.04	1.08	
58	133	Ce	1.00	1.06	1.18	1.27	1.33	1.37	1.42	1.43	1.44	1.44	1.44	
58	134	Ce	1.00	1.00	1.00	1.00	1.00	1.00	1.00	1.00	1.00	1.02	1.04	
58	135	Ce	1.00	1.00	1.00	1.00	1.01	1.01	1.03	1.05	1.07	1.12	1.17	
58	136	Ce	1.00	1.00	1.00	1.00	1.00	1.00	1.00	1.00	1.00	1.00	1.01	
58	137	Ce	1.00	1.00	1.00	1.00	1.00	1.00	1.00	1.02	1.04	1.11	1.18	
58	138	Ce	1.00	1.00	1.00	1.00	1.00	1.00	1.00	1.00	1.00	1.00	1.00	
58	139	Ce	1.00	1.00	1.00	1.00	1.00	1.00	1.00	1.00	1.00	0.99	0.98	
58	140	Ce	1.00	1.00	1.00	1.00	1.00	1.00	1.00	1.00	1.00	1.00	1.00	
58	141	Ce	1.00	1.00	1.00	1.00	1.00	1.00	1.00	1.00	1.00	1.00	1.00	
58	142	Ce	1.00	1.00	1.00	1.00	1.00	1.00	1.00	1.00	1.00	1.00	1.00	
59	141	Pr	1.00	1.00	1.00	1.00	1.00	1.00	1.00	0.99	0.99	0.99	1.00	
59	142	Pr	1.09	1.12	1.14	1.14	1.14	1.12	1.08	1.05	1.03	1.00	1.00	
59	143	Pr	1.00	1.00	0.99	0.98	0.97	0.96	0.95	0.94	0.93	0.91	0.90	
60	142	Nd	1.00	1.00	1.00	1.00	1.00	1.00	1.00	1.00	1.00	1.00	1.00	
60	143	Nd	1.00	1.00	1.00	1.00	1.00	1.00	1.00	1.00	1.00	1.00	1.00	
60	144	Nd	1.00	1.00	1.00	1.00	1.00	1.00	1.00	1.00	1.00	1.00	1.00	
60	145	Nd	1.00	1.00	0.99	0.98	0.97	0.95	0.91	0.88	0.86	0.83	0.81	
60	146	Nd	1.00	1.00	1.00	1.00	1.00	1.00	1.00	1.00	1.00	1.01	1.02	
60	147	Nd	1.00	1.00	0.99	0.99	0.98	0.98	0.97	0.97	0.96	0.97	0.98	
60	148	Nd	1.00	1.00	1.00	1.00	1.00	1.00	1.00	1.00	1.00	1.01	1.03	
60	150	Nd	1.00	1.00	1.00	1.00	1.01	1.01	1.03	1.05	1.08	1.15	1.23	
61	147	Pm	1.00	1.00	1.00	1.00	0.99	0.98	0.96	0.95	0.93	0.90	0.88	
61	148	Pm	1.00	1.00	1.00	0.99	0.99	1.00	1.04	1.08	1.09	1.07	1.01	
61	149	Pm	1.00	1.00	1.00	1.00	1.00	0.99	0.98	0.96	0.93	0.87	0.81	
62	144	Sm	1.00	1.00	1.00	1.00	1.00	1.00	1.00	1.00	1.00	1.00	1.00	
62	147	Sm	1.00	1.00	1.00	1.00	1.00	0.99	0.98	0.97	0.96	0.93	0.91	
62	148	Sm	1.00	1.00	1.00	1.00	1.00	1.00	1.00	1.00	1.00	1.00	1.01	
62	149	Sm	0.99	0.97	0.94	0.93	0.92	0.92	0.91	0.91	0.91	0.90	0.88	
62	150	Sm	1.00	1.00	1.00	1.00	1.00	1.00	1.00	1.00	1.00	1.02	1.04	
62	151	Sm	0.93	0.90	0.89	0.89	0.88	0.88	0.88	0.88	0.88	0.89	0.90	
62	152	Sm	1.00	1.00	1.00	1.01	1.02	1.03	1.07	1.12	1.17	1.26	1.35	
62	153	Sm	1.02	1.08	1.13	1.17	1.21	1.24	1.29	1.32	1.34	1.36	1.37	
62	154	Sm	1.00	1.00	1.02	1.05	1.09	1.13	1.20	1.27	1.34	1.46	1.57	
63	151	Eu	1.08	1.18	1.29	1.39	1.47	1.53	1.59	1.60	1.57	1.49	1.39	
63	152	Eu	1.00	1.00	0.99	0.97	0.95	0.91	0.84	0.79	0.76	0.73	0.71	
63	153	Eu	1.00	1.00	1.00	1.00	0.99	0.98	0.94	0.91	0.88	0.86	0.85	
63	154	Eu	1.00	1.00	1.00	0.99	0.97	0.94	0.88	0.84	0.81	0.77	0.75	
63	155	Eu	1.00	1.00	1.00	1.00	0.99	0.98	0.97	0.95	0.93	0.91	0.89	
64	152	Gd	1.00	1.00	1.00	1.00	1.00	1.00	1.00	1.00	1.01	1.03	1.06	
64	153	Gd	1.00	1.00	1.01	1.02	1.02	1.03	1.03	1.03	1.02	1.02	1.01	
64	154	Gd	1.00	1.00	1.00	1.01	1.02	1.05	1.11	1.17	1.22	1.31	1.39	
64	155	Gd	1.00	1.00	1.00	1.00	1.01	1.01	1.01	1.01	1.01	1.00	1.00	
64	156	Gd	1.00	1.00	1.01	1.04	1.08	1.13	1.22	1.29	1.34	1.44	1.52	
64	157	Gd	1.00	1.00	0.99	0.98	0.98	0.97	0.97	0.97	0.98	0.99	1.00	
64	158	Gd	1.00	1.00	1.01	1.05	1.09	1.13	1.22	1.29	1.36	1.48	1.58	
64	160	Gd	1.00	1.00	1.02	1.05	1.09	1.13	1.21	1.29	1.37	1.51	1.64	
65	159	Tb	1.00	1.00	1.01	1.02	1.02	1.03	1.04	1.05	1.07	1.08	1.08	
65	160	Tb	1.00	1.00	1.00	0.99	0.98	0.97	0.93	0.90	0.87	0.83	0.81	
66	156	Dy	1.00	1.00	1.00	1.00	1.01	1.03	1.09	1.14	1.20	1.28	1.34	
66	158	Dy	1.00	1.00	1.00	1.00	1.01	1.03	1.09	1.16	1.21	1.31	1.39	
66	160	Dy	1.00	1.00	1.01	1.03	1.08	1.12	1.21	1.28	1.34	1.44	1.52	
66	161	Dy	1.00	1.00	1.00	0.99	0.99	0.99	0.98	0.97	0.97	0.97	0.98	
66	162	Dy	1.00	1.00	1.02	1.06	1.12	1.17	1.26	1.33	1.39	1.49	1.58	
66	163	Dy	1.00	1.00	1.00	1.00	1.00	0.99	0.99	0.98	0.98	0.95	0.92	
66	164	Dy	1.00	1.00	1.02	1.07	1.12	1.17	1.25	1.33	1.40	1.53	1.64	
67	163	Ho	1.00	1.00	1.00	1.00	1.00	1.00	0.99	0.99	0.99	0.97	0.95	
67	165	Ho	1.00	1.00	1.00	1.00	1.00	1.00	0.99	0.99	0.98	0.97	0.95	
68	162	Er	1.00	1.00	1.00	1.02	1.05	1.09	1.17	1.23	1.28	1.35	1.40	
68	164	Er	1.00	1.00	1.00	1.02	1.05	1.08	1.16	1.22	1.26	1.33	1.39	
68	166	Er	1.00	1.00	1.00	1.01	1.02	1.04	1.12	1.21	1.30	1.47	1.58	
68	167	Er	1.00	1.00	1.00	0.99	0.99	0.98	0.97	0.97	0.96	0.94	0.92	
68	168	Er	1.00	1.00	1.01	1.04	1.09	1.13	1.22	1.29	1.36	1.49	1.59	
68	169	Er	1.00	1.00	1.00	1.00	1.00	1.00	1.01	1.02	1.04	1.06	1.09	
68	170	Er	1.00	1.00	1.01	1.04	1.08	1.12	1.21	1.29	1.36	1.50	1.63	
69	169	Tm	1.19	1.38	1.61	1.81	1.96	2.07	2.18	2.20	2.17	2.07	1.95	
69	170	Tm	1.00	1.01	1.02	1.03	1.05	1.06	1.07	1.07	1.07	1.05	1.02	
69	171	Tm	1.15	1.25	1.29	1.32	1.34	1.36	1.39	1.42	1.46	1.52	1.57	
70	168	Yb	1.00	1.00	1.01	1.03	1.06	1.10	1.18	1.24	1.29	1.36	1.42	
70	170	Yb	1.00	1.00	1.01	1.05	1.10	1.15	1.24	1.30	1.35	1.43	1.50	
70	171	Yb	1.00	1.00	1.00	1.02	1.04	1.07	1.10	1.12	1.13	1.15	1.17	
70	172	Yb	1.00	1.00	1.02	1.07	1.12	1.17	1.26	1.33	1.39	1.50	1.59	
70	173	Yb	1.00	1.00	1.00	1.00	0.99	0.99	0.99	0.98	0.98	0.98	0.97	
70	174	Yb	1.00	1.00	1.01	1.05	1.09	1.13	1.22	1.30	1.38	1.52	1.65	
70	175	Yb	1.00	1.00	1.00	1.00	1.00	0.99	0.99	0.97	0.96	0.93	0.90	
70	176	Yb	1.00	1.00	1.01	1.04	1.08	1.12	1.20	1.28	1.36	1.51	1.65	
71	175	Lu	1.00	1.00	1.00	1.00	1.00	1.00	0.99	0.99	0.98	0.96	0.94	
71	176	Lu	1.00	1.00	1.00	1.00	1.00	1.00	0.99	0.99	0.97	0.94	0.88	
72	174	Hf	1.00	1.00	1.01	1.03	1.06	1.10	1.18	1.23	1.28	1.36	1.43	
72	176	Hf	1.00	1.00	1.00	1.03	1.06	1.10	1.18	1.25	1.30	1.41	1.50	
72	177	Hf	1.00	1.00	1.00	1.00	1.00	1.00	1.00	0.99	0.99	0.97	0.95	
72	178	Hf	1.00	1.00	1.01	1.03	1.06	1.10	1.18	1.25	1.31	1.41	1.51	
72	179	Hf	1.00	1.00	1.00	1.00	1.00	0.99	0.98	0.97	0.96	0.94	0.91	
72	180	Hf	1.00	1.00	1.01	1.03	1.05	1.09	1.16	1.23	1.29	1.41	1.53	
72	181	Hf	1.00	1.00	1.01	1.03	1.04	1.06	1.11	1.16	1.20	1.28	1.35	
72	182	Hf	1.00	1.00	1.00	1.02	1.04	1.07	1.14	1.21	1.28	1.42	1.55	
73	179	Ta	1.00	1.01	1.01	1.01	1.01	1.01	1.00	1.00	0.99	0.97	0.96	
73	180	Ta	0.84	0.83	0.84	0.85	0.86	0.87	0.88	0.89	0.88	0.87	0.85	
73	181	Ta	1.02	1.02	1.02	1.02	1.03	1.03	1.03	1.02	1.01	0.99	0.98	
73	182	Ta	1.00	1.00	1.00	1.01	1.01	1.01	0.99	0.96	0.94	0.88	0.83	
74	180	W	1.00	1.00	1.00	1.02	1.04	1.07	1.14	1.20	1.24	1.32	1.40	
74	182	W	1.00	1.00	1.00	1.01	1.04	1.07	1.14	1.20	1.26	1.37	1.46	
74	183	W	1.00	1.01	1.02	1.04	1.06	1.08	1.13	1.17	1.20	1.26	1.31	
74	184	W	1.00	1.00	1.00	1.01	1.03	1.06	1.12	1.18	1.23	1.33	1.44	
74	185	W	1.00	0.98	0.95	0.94	0.92	0.92	0.91	0.92	0.94	0.99	1.04	
74	186	W	1.00	1.00	1.00	1.00	1.01	1.02	1.05	1.09	1.13	1.23	1.32	
75	185	Re	1.00	1.00	1.00	1.00	1.00	1.00	1.00	1.00	1.00	1.00	0.99	
75	186	Re	1.00	1.00	1.00	1.01	1.02	1.04	1.07	1.11	1.13	1.14	1.14	
75	187	Re	1.00	1.00	1.00	1.00	1.00	1.00	0.99	0.98	0.98	0.97	0.96	
76	184	Os	1.00	1.00	1.00	1.00	1.02	1.04	1.08	1.14	1.18	1.26	1.33	
76	186	Os	1.00	1.00	1.00	1.01	1.02	1.04	1.09	1.14	1.18	1.26	1.32	
76	187	Os	1.02	1.07	1.12	1.15	1.17	1.19	1.23	1.26	1.28	1.33	1.38	
76	188	Os	1.00	1.00	1.00	1.00	1.01	1.02	1.05	1.09	1.13	1.21	1.29	
76	189	Os	1.00	1.00	1.02	1.06	1.08	1.10	1.14	1.16	1.18	1.21	1.23	
76	190	Os	1.00	1.00	1.00	1.00	1.00	1.01	1.02	1.05	1.08	1.15	1.22	
76	191	Os	1.00	1.00	1.00	0.99	0.99	0.98	0.95	0.91	0.88	0.81	0.76	
76	192	Os	1.00	1.00	1.00	1.00	1.00	1.00	1.01	1.02	1.04	1.08	1.13	
77	191	Ir	1.02	1.04	1.07	1.09	1.10	1.11	1.13	1.14	1.15	1.14	1.12	
77	192	Ir	1.01	1.01	1.00	1.00	0.99	0.98	0.96	0.94	0.91	0.87	0.84	
77	193	Ir	1.00	1.00	1.00	1.02	1.03	1.06	1.10	1.13	1.16	1.20	1.22	
78	190	Pt	1.00	1.00	1.00	1.00	1.00	1.00	1.00	1.01	1.02	1.05	1.09	
78	192	Pt	1.00	1.00	1.00	1.00	1.00	1.00	1.00	1.01	1.02	1.05	1.09	
78	193	Pt	1.19	1.24	1.26	1.28	1.30	1.31	1.34	1.38	1.42	1.52	1.61	
78	194	Pt	1.00	1.00	1.00	1.00	1.00	1.00	1.00	1.00	1.01	1.03	1.07	
78	195	Pt	1.00	1.00	1.00	1.00	1.00	1.00	1.01	1.02	1.04	1.11	1.18	
78	196	Pt	1.00	1.00	1.00	1.00	1.00	1.00	1.00	1.00	1.01	1.02	1.04	
78	198	Pt	1.00	1.00	1.00	1.00	1.00	1.00	1.00	1.00	1.00	1.01	1.01	
79	197	Au	1.00	1.00	1.00	0.99	0.99	0.98	0.96	0.95	0.93	0.92	0.92	
79	198	Au	1.00	1.00	0.99	0.98	0.97	0.96	0.93	0.90	0.87	0.81	0.76	
80	196	Hg	1.00	1.00	1.00	1.00	1.00	1.00	1.00	1.00	1.00	1.01	1.04	
80	198	Hg	1.00	1.00	1.00	1.00	1.00	1.00	1.00	1.00	1.00	1.01	1.03	
80	199	Hg	1.00	1.00	1.00	1.00	1.00	1.00	1.01	1.02	1.03	1.05	1.08	
80	200	Hg	1.00	1.00	1.00	1.00	1.00	1.00	1.00	1.00	1.00	1.01	1.03	
80	201	Hg	0.89	0.87	0.87	0.88	0.89	0.91	0.95	0.99	1.02	1.06	1.10	
80	202	Hg	1.00	1.00	1.00	1.00	1.00	1.00	1.00	1.00	1.00	1.00	1.00	
80	203	Hg	0.99	0.96	0.94	0.91	0.89	0.87	0.83	0.81	0.79	0.77	0.78	
80	204	Hg	1.00	1.00	1.00	1.00	1.00	1.00	1.00	1.00	1.00	1.00	0.99	
81	203	Tl	1.00	1.00	1.00	1.00	1.00	1.00	1.00	1.00	1.00	0.99	0.99	
81	204	Tl	1.00	1.00	1.00	1.00	1.00	0.99	0.98	0.97	0.95	0.92	0.89	
81	205	Tl	1.00	1.00	1.00	1.00	1.00	1.00	1.00	0.99	0.98	0.96	0.94	
82	204	Pb	1.00	1.00	1.00	1.00	1.00	1.00	1.00	1.00	1.00	1.00	1.00	
82	205	Pb	0.97	0.96	0.95	0.94	0.93	0.93	0.92	0.91	0.90	0.89	0.87	
82	206	Pb	1.00	1.00	1.00	1.00	1.00	1.00	1.00	1.00	1.00	1.00	1.00	
82	207	Pb	1.00	1.00	1.00	1.00	1.00	1.00	1.00	1.00	1.00	1.00	1.00	
82	208	Pb	1.00	1.00	1.00	1.00	1.00	1.00	1.00	1.00	1.00	1.00	1.00	
83	209	Bi	1.00	1.00	1.00	1.00	1.00	1.00	1.00	1.00	1.00	1.00	1.00	
83	210	Bi	1.15	1.37	1.72	2.15	2.58	2.97	3.59	3.97	4.16	4.20	4.02	


NOTE_1: I have remover the following SEF for isomeric (placed after 
the correspondent ground state SEF line):
48	115	m	Cd	0.47	0.51	0.54	0.56	0.58	0.60	0.65	0.69	0.72	0.77	0.77	
61	148	m	Pm	0.57	0.57	0.58	0.59	0.61	0.62	0.67	0.72	0.75	0.78	0.76	
isomeric will be treated in a different way for now.

NOTE_2: For In114 and Ta180 are reported SEF for isomeric state (Kadonis report
(n,g) only for isomeric).
