Z	A	Sym	5	10	15	20	25	30	40	50	60	80	100(keV); cross sections in mb
1	1	H	1.000	1.000	1.000	1.000	1.000	1.000	1.000	1.000	1.000	1.000	1.000	
2	3	He	1.000	1.000	1.000	1.000	1.000	1.000	1.000	1.000	1.000	1.000	1.000	
3	7	Li	1.000	1.000	1.000	1.000	1.000	1.000	1.000	1.000	1.000	1.000	1.000	
6	12	C	1.000	1.000	1.000	1.000	1.000	1.000	1.000	1.000	1.000	1.000	1.000	
6	13	C	1.000	1.000	1.000	1.000	1.000	1.000	1.000	1.000	1.000	1.000	1.000	
6	14	C	1.000	1.000	1.000	1.000	1.000	1.000	1.000	1.000	1.000	1.000	1.000	
7	14	N	1.000	1.000	1.000	1.000	1.000	1.000	1.000	1.000	1.000	1.000	1.000	
7	15	N	1.000	1.000	1.000	1.000	1.000	1.000	1.000	1.000	1.000	1.000	1.000	
8	16	O	1.000	1.000	1.000	1.000	1.000	1.000	1.000	1.000	1.000	1.000	1.000	
8	17	O	1.000	1.000	1.000	1.000	1.000	1.000	1.000	1.000	1.000	1.000	1.000  !(/1)	
8	18	O	1.000	1.000	1.000	1.000	1.000	1.000	1.000	1.000	1.000	1.000	1.000	
9	19	F	1.000	1.000	1.000	1.000	1.000	1.000	1.000	1.000	1.000	1.000	1.000	
10	20	Ne	1.000	1.000	1.000	1.000	1.000	1.000	1.000	1.000	1.000	1.000	1.000	
10	21	Ne	1.000	1.000	1.000	1.000	1.000	1.000	1.000	1.000	1.000	1.000	1.000	
10	22	Ne	1.000	1.000	1.000	1.000	1.000	1.000	1.000	1.000	1.000	1.000	1.000	
11	23	Na	1.000	1.000	1.000	1.000	1.000	1.000	1.000	1.000	1.000	1.000	1.000	
12	24	Mg	1.000	1.000	1.000	1.000	1.000	1.000	1.000	1.000	1.000	1.000	1.000	
12	25	Mg	1.000	1.000	1.000	1.000	1.000	1.000	1.000	1.000	1.000	1.000	1.000	
12	26	Mg	1.000	1.000	1.000	1.000	1.000	1.000	1.000	1.000	1.000	1.000	1.000	
13	26	Al	1.000	1.000	1.000	1.000	1.000	1.000	1.000	1.000	1.000	1.000	1.000	
13	27	Al	1.000	1.000	1.000	1.000	1.000	1.000	1.000	1.000	1.000	1.000	1.000	
14	28	Si	1.000	1.000	1.000	1.000	1.000	1.000	1.000	1.000	1.000	1.000	1.000	
14	29	Si	1.000	1.000	1.000	1.000	1.000	1.000	1.000	1.000	1.000	1.000	1.000	
14	30	Si	1.000	1.000	1.000	1.000	1.000	1.000	1.000	1.000	1.000	1.000	1.000	
15	31	P	1.000	1.000	1.000	1.000	1.000	1.000	1.000	1.000	1.000	1.000	1.000	
16	32	S	1.000	1.000	1.000	1.000	1.000	1.000	1.000	1.000	1.000	1.000	1.000	
16	33	S	1.000	1.000	1.000	1.000	1.000	1.000	1.000	1.000	1.000	1.000	1.000	
16	34	S	1.000	1.000	1.000	1.000	1.000	1.000	1.000	1.000	1.000	1.000	1.000	
16	36	S	1.000	1.000	1.000	1.000	1.000	1.000	1.000	1.000	1.000	1.000	1.000	
17	35	Cl	1.000	1.000	1.000	1.000	1.000	1.000	1.000	1.000	1.000	1.000	1.000	
17	36	Cl	1.000	1.000	1.000	1.000	1.000	1.000	1.000	1.000	1.000	1.000	1.000	
17	37	Cl	1.000	1.000	1.000	1.000	1.000	1.000	1.000	1.000	1.000	1.000	1.000	
18	36	Ar	1.000	1.000	1.000	1.000	1.000	1.000	1.000	1.000	1.000	1.000	1.000	
18	38	Ar	1.000	1.000	1.000	1.000	1.000	1.000	1.000	1.000	1.000	1.000	1.000	
18	39	Ar	1.000	1.000	1.000	1.000	1.000	1.000	1.000	1.000	1.000	1.000	1.000	
18	40	Ar	1.000	1.000	1.000	1.000	1.000	1.000	1.000	1.000	1.000	1.000	1.000	
19	39	K	1.000	1.000	1.000	1.000	1.000	1.000	1.000	1.000	1.000	1.000	1.000	
19	40	K	0.999	0.987	0.977	0.972	0.972	0.975	0.983	0.992	1.001	1.016	1.028	
19	41	K	1.000	1.000	1.000	1.000	1.000	1.000	1.000	1.000	1.000	1.000	1.000	
20	40	Ca	1.000	1.000	1.000	1.000	1.000	1.000	1.000	1.000	1.000	1.000	1.000	
20	41	Ca	1.000	1.000	1.000	1.000	1.000	1.000	1.000	1.000	1.000	1.000	1.000	
20	42	Ca	1.000	1.000	1.000	1.000	1.000	1.000	1.000	1.000	1.000	1.000	1.000	
20	43	Ca	1.000	1.000	1.000	1.000	1.000	1.000	1.000	1.000	1.000	0.998	0.994	
20	44	Ca	1.000	1.000	1.000	1.000	1.000	1.000	1.000	1.000	1.000	1.000	1.000	
20	45	Ca	1.000	1.000	1.000	1.000	1.000	0.999	0.997	0.993	0.987	0.973	0.961	
20	46	Ca	1.000	1.000	1.000	1.000	1.000	1.000	1.000	1.000	1.000	1.000	1.000	
20	48	Ca	1.000	1.000	1.000	1.000	1.000	1.000	1.000	1.000	1.000	1.000	1.000	
21	45	Sc	1.004	1.000	0.993	0.987	0.983	0.979	0.973	0.968	0.964	0.955	0.945	
22	46	Ti	1.000	1.000	1.000	1.000	1.000	1.000	1.000	1.000	1.000	1.000	0.999	
22	47	Ti	1.000	1.000	1.000	1.000	0.999	0.996	0.987	0.973	0.957	0.925	0.902	
22	48	Ti	1.000	1.000	1.000	1.000	1.000	1.000	1.000	1.000	1.000	1.000	1.000	
22	49	Ti	1.000	1.000	1.000	1.000	1.000	1.000	1.000	1.000	1.000	1.000	1.000	
22	50	Ti	1.000	1.000	1.000	1.000	1.000	1.000	1.000	1.000	1.000	1.000	1.000	
23	50	V	1.000	1.000	1.000	1.000	1.000	1.000	1.000	1.000	0.999	0.995	0.990	
23	51	V	1.000	1.000	1.000	1.000	1.000	1.000	1.000	0.999	0.998	0.993	0.986	
24	50	Cr	1.000	1.000	1.000	1.000	1.000	1.000	1.000	1.000	1.000	1.000	1.000	
24	51	Cr	1.000	1.000	1.000	1.000	1.000	1.000	1.000	1.000	1.000	1.000	1.000	
24	52	Cr	1.000	1.000	1.000	1.000	1.000	1.000	1.000	1.000	1.000	1.000	1.000	
24	53	Cr	1.000	1.000	1.000	1.000	1.000	1.000	1.000	1.000	1.000	1.000	0.999	
24	54	Cr	1.000	1.000	1.000	1.000	1.000	1.000	1.000	1.000	1.000	1.000	1.000	
25	55	Mn	1.000	1.000	1.000	0.998	0.994	0.987	0.968	0.945	0.924	0.892	0.873	
26	54	Fe	1.000	1.000	1.000	1.000	1.000	1.000	1.000	1.000	1.000	0.998	0.994	
26	55	Fe	1.000	1.000	1.000	1.000	1.000	1.000	1.000	1.000	1.000	0.998	0.994	
26	56	Fe	1.000	1.000	1.000	1.000	1.000	1.000	1.000	1.000	1.000	1.000	1.000	
26	57	Fe	0.982	0.979	1.009	1.045	1.079	1.109	1.154	1.188	1.214	1.254	1.285	
26	58	Fe	1.000	1.000	1.000	1.000	1.000	1.000	1.000	1.000	1.000	1.000	0.999	
27	59	Co	1.000	1.000	1.000	1.000	1.000	1.000	1.000	1.000	1.000	1.000	1.000	
28	58	Ni	1.000	1.000	1.000	1.000	1.000	1.000	1.000	1.000	1.000	1.000	1.000	
28	59	Ni	1.000	1.000	1.000	1.000	1.000	1.000	1.000	0.999	0.998	0.991	0.979	
28	60	Ni	1.000	1.000	1.000	1.000	1.000	1.000	1.000	1.000	1.000	1.000	1.000	
28	61	Ni	1.000	0.998	0.988	0.969	0.949	0.932	0.909	0.899	0.898	0.907	0.922	
28	62	Ni	1.000	1.000	1.000	1.000	1.000	1.000	1.000	1.000	1.000	1.000	1.000	
28	63	Ni	1.000	1.000	1.000	0.997	0.991	0.983	0.964	0.950	0.944	0.950	0.970	
28	64	Ni	1.000	1.000	1.000	1.000	1.000	1.000	1.000	1.000	1.000	1.000	1.000	
29	63	Cu	1.000	1.000	1.000	1.000	1.000	1.000	1.000	1.000	1.000	1.000	1.000	
29	65	Cu	1.000	1.000	1.000	1.000	1.000	1.000	1.000	1.000	1.000	1.000	1.000	
30	64	Zn	1.000	1.000	1.000	1.000	1.000	1.000	1.000	1.000	1.000	1.000	1.000	
30	65	Zn	1.000	1.000	0.997	0.990	0.981	0.969	0.941	0.912	0.884	0.836	0.798	
30	66	Zn	1.000	1.000	1.000	1.000	1.000	1.000	1.000	1.000	1.000	1.000	1.000	
30	67	Zn	1.000	1.000	1.000	0.999	0.998	0.995	0.985	0.970	0.954	0.918	0.885	
30	68	Zn	1.000	1.000	1.000	1.000	1.000	1.000	1.000	1.000	1.000	1.000	1.000	
30	70	Zn	1.000	1.000	1.000	1.000	1.000	1.000	1.000	1.000	1.000	1.000	1.000	
31	69	Ga	1.000	1.000	1.000	1.000	1.000	1.000	1.000	1.000	0.998	0.994	0.986	
31	71	Ga	1.000	1.000	1.000	1.000	1.000	1.000	1.000	1.000	0.999	0.995	0.986	
32	70	Ge	1.000	1.000	1.000	1.000	1.000	1.000	1.000	1.000	1.000	1.000	1.000	
32	72	Ge	1.000	1.000	1.000	1.000	1.000	1.000	1.000	1.000	1.000	1.000	1.000	
32	73	Ge	1.020	1.032	1.028	1.017	1.002	0.987	0.960	0.939	0.922	0.894	0.869	
32	74	Ge	1.000	1.000	1.000	1.000	1.000	1.000	1.000	1.000	1.000	0.999	0.995	
32	76	Ge	1.000	1.000	1.000	1.000	1.000	1.000	1.000	1.000	1.000	1.000	0.999	
33	75	As	1.000	1.000	1.000	1.000	1.000	0.999	0.997	0.990	0.978	0.941	0.894	
34	74	Se	1.000	1.000	1.000	1.000	1.000	1.000	1.000	1.000	1.000	1.000	0.999	
34	76	Se	1.000	1.000	1.000	1.000	1.000	1.000	1.000	1.000	1.000	1.002	1.007	
34	77	Se	1.000	1.000	1.000	1.000	1.000	0.999	0.991	0.968	0.937	0.874	0.828	
34	78	Se	1.000	1.000	1.000	1.000	1.000	1.000	1.000	1.000	1.000	1.000	1.002	
34	79	Se	1.000	1.000	1.000	0.999	0.996	0.991	0.974	0.952	0.930	0.893	0.864	
34	80	Se	1.000	1.000	1.000	1.000	1.000	1.000	1.000	1.000	1.000	1.001	1.003	
34	82	Se	1.000	1.000	1.000	1.000	1.000	1.000	1.000	1.000	1.000	1.000	0.999	
35	79	Br	1.000	1.000	1.000	1.000	1.000	1.000	0.998	0.993	0.984	0.957	0.929	
35	81	Br	1.000	1.000	1.000	1.000	1.000	1.000	0.999	0.997	0.993	0.981	0.964	
36	78	Kr	1.000	1.000	1.000	1.000	1.000	1.000	1.000	1.000	1.001	1.004	1.013	
36	79	Kr	1.000	1.000	1.000	1.003	1.007	1.009	1.003	0.983	0.961	0.926	0.904	
36	80	Kr	1.000	1.000	1.000	1.000	1.000	1.000	1.000	1.000	1.000	1.000	1.003	
36	81	Kr	1.000	1.000	0.994	0.984	0.973	0.963	0.949	0.940	0.936	0.934	0.935	
36	82	Kr	1.000	1.000	1.000	1.000	1.000	1.000	1.000	1.000	1.000	1.000	1.001	
36	83	Kr	0.994	0.985	0.978	0.976	0.976	0.977	0.981	0.984	0.986	0.988	0.987	
36	84	Kr	1.000	1.000	1.000	1.000	1.000	1.000	1.000	1.000	1.000	1.000	1.000	
36	85	Kr	1.000	1.000	1.000	1.000	1.000	1.000	1.000	1.000	1.000	1.000	1.000	
36	86	Kr	1.000	1.000	1.000	1.000	1.000	1.000	1.000	1.000	1.000	1.000	1.000	
37	85	Rb	1.000	1.000	1.000	1.000	0.999	0.997	0.991	0.981	0.969	0.942	0.918	
37	86	Rb	1.000	1.000	1.000	1.000	1.000	1.000	1.000	1.000	1.000	0.999	0.997	
37	87	Rb	1.000	1.000	1.000	1.000	1.000	1.000	1.000	1.000	1.000	0.998	0.996	
38	84	Sr	1.000	1.000	1.000	1.000	1.000	1.000	1.000	1.000	1.000	1.000	1.001	
38	86	Sr	1.000	1.000	1.000	1.000	1.000	1.000	1.000	1.000	1.000	1.000	1.000	
38	87	Sr	1.000	1.000	1.000	1.000	1.000	1.000	1.000	1.000	1.000	1.000	1.000	
38	88	Sr	1.000	1.000	1.000	1.000	1.000	1.000	1.000	1.000	1.000	1.000	1.000	
38	89	Sr	1.000	1.000	1.000	1.000	1.000	1.000	1.000	1.000	1.000	1.000	1.000	
39	89	Y	1.000	1.000	1.000	1.000	1.000	1.000	1.000	1.000	1.000	1.000	1.001	
40	90	Zr	1.000	1.000	1.000	1.000	1.000	1.000	1.000	1.000	1.000	1.000	1.000	
40	91	Zr	1.000	1.000	1.000	1.000	1.000	1.000	1.000	1.000	1.000	1.000	1.000	
40	92	Zr	1.000	1.000	1.000	1.000	1.000	1.000	1.000	1.000	1.000	1.000	1.000	
40	93	Zr	1.000	1.000	1.000	1.000	1.000	1.000	0.999	0.998	0.995	0.985	0.973	
40	94	Zr	1.000	1.000	1.000	1.000	1.000	1.000	1.000	1.000	1.000	1.000	1.000	
40	95	Zr	1.000	1.000	1.000	1.000	1.000	1.000	1.000	1.000	1.000	1.000	1.000	
40	96	Zr	1.000	1.000	1.000	1.000	1.000	1.000	1.000	1.000	1.000	1.000	1.000	
41	93	Nb	1.000	0.997	0.993	0.990	0.987	0.985	0.982	0.979	0.978	0.976	0.974	
41	94	Nb	1.000	1.005	1.006	0.995	0.975	0.951	0.904	0.864	0.833	0.787	0.753	
41	95	Nb	1.000	1.000	1.000	1.000	1.000	1.000	1.000	1.000	0.999	0.999	0.972	
42	100	Mo	1.000	1.000	1.000	1.000	1.000	1.000	1.000	1.000	1.000	1.001	1.003	
42	92	Mo	1.000	1.000	1.000	1.000	1.000	1.000	1.000	1.000	1.000	1.000	1.000	
42	94	Mo	1.000	1.000	1.000	1.000	1.000	1.000	1.000	1.000	1.000	1.000	1.001	
42	95	Mo	1.000	1.000	1.000	1.000	1.000	0.999	0.996	0.989	0.980	0.957	0.936	
42	96	Mo	1.000	1.000	1.000	1.000	1.000	1.000	1.000	1.000	1.000	1.000	1.001	
42	97	Mo	1.000	1.000	1.000	1.000	1.000	1.000	1.000	1.000	1.000	0.999	0.995	
42	98	Mo	1.000	1.000	1.000	1.000	1.000	1.000	1.000	1.000	1.000	1.000	1.001	
42	99	Mo	1.000	1.000	1.000	1.000	1.002	1.008	1.027	1.050	1.072	1.109	1.137	
43	99	Tc	1.000	1.000	1.000	1.000	0.999	0.998	0.989	0.975	0.957	0.923	0.891	
44	100	Ru	1.000	1.000	1.000	1.000	1.000	1.000	1.000	1.000	1.000	1.002	1.008	
44	101	Ru	1.000	1.000	1.000	0.999	0.997	0.994	0.983	0.967	0.950	0.909	0.866	
44	102	Ru	1.000	1.000	1.000	1.000	1.000	1.000	1.000	1.000	1.001	1.004	1.012	
44	103	Ru	1.132	1.138	1.155	1.171	1.184	1.194	1.202	1.199	1.189	1.164	1.142	
44	104	Ru	1.000	1.000	1.000	1.000	1.000	1.000	1.000	1.001	1.002	1.010	1.023	
44	96	Ru	1.000	1.000	1.000	1.000	1.000	1.000	1.000	1.000	1.000	1.000	1.001	
44	98	Ru	1.000	1.000	1.000	1.000	1.000	1.000	1.000	1.000	1.000	1.001	1.004	
44	99	Ru	1.000	1.000	0.999	0.996	0.991	0.983	0.965	0.947	0.929	0.899	0.871	
45	103	Rh	1.001	1.049	1.126	1.171	1.188	1.188	1.172	1.150	1.132	1.106	1.090	
46	102	Pd	1.000	1.000	1.000	1.000	1.000	1.000	1.000	1.000	1.000	1.002	1.010	
46	104	Pd	1.000	1.000	1.000	1.000	1.000	1.000	1.000	1.000	1.000	1.004	1.013	
46	105	Pd	1.000	1.000	1.000	1.000	1.000	1.000	0.999	0.997	0.990	0.963	0.923	
46	106	Pd	1.000	1.000	1.000	1.000	1.000	1.000	1.000	1.000	1.000	1.004	1.012	
46	107	Pd	1.000	1.000	1.000	1.000	0.999	0.997	0.992	0.985	0.975	0.947	0.912	
46	108	Pd	1.000	1.000	1.000	1.000	1.000	1.000	1.000	1.000	1.001	1.007	1.020	
46	110	Pd	1.000	1.000	1.000	1.000	1.000	1.000	1.000	1.000	1.002	1.011	1.028	
47	107	Ag	1.000	1.000	1.004	1.019	1.044	1.070	1.111	1.131	1.139	1.142	1.142	
47	109	Ag	1.000	1.001	1.015	1.050	1.091	1.126	1.168	1.182	1.182	1.164	1.139	
47	110	Ag	0.762	1.016	1.072	1.097	1.114	1.127	1.146	1.155	1.156	1.141	1.114	
48	106	Cd	1.000	1.000	1.000	1.000	1.000	1.000	1.000	1.000	1.000	1.001	1.005	
48	108	Cd	1.000	1.000	1.000	1.000	1.000	1.000	1.000	1.000	1.000	1.000	1.000	
48	110	Cd	1.000	1.000	1.000	1.000	1.000	1.000	1.000	1.000	1.000	1.001	1.006	
48	111	Cd	1.000	1.000	1.000	1.000	1.000	1.002	1.011	1.028	1.043	1.056	1.052	
48	112	Cd	1.000	1.000	1.000	1.000	1.000	1.000	1.000	1.000	1.000	1.002	1.008	
48	113	Cd	1.000	1.000	1.000	1.000	1.000	1.001	1.006	1.020	1.043	1.091	1.117	
48	114	Cd	1.000	1.000	1.000	1.000	1.000	1.000	1.000	1.000	1.000	1.003	1.012	
48	115	Cd	1.000	1.000	1.000	1.001	1.003	1.010	1.041	1.084	1.124	1.161	1.147	
48	115	Cd	1.000	1.000	1.000	1.000	1.000	1.000	1.000	1.000	1.000	1.000	1.000	
48	116	Cd	1.000	1.000	1.000	1.000	1.000	1.000	1.000	1.000	1.000	1.003	1.011	
49	113	In	1.000	1.000	1.000	1.000	1.000	1.000	1.000	1.000	1.000	1.000	1.000	
49	114	In	1.000	1.000	1.000	1.000	1.000	1.000	1.000	1.000	1.000	1.000	1.000	
49	115	In	1.000	1.000	1.000	1.000	1.000	1.000	1.000	1.000	1.000	1.000	1.000	
50	112	Sn	1.000	1.000	1.000	1.000	1.000	1.000	1.000	1.000	1.000	1.000	1.000	
50	114	Sn	1.000	1.000	1.000	1.000	1.000	1.000	1.000	1.000	1.000	1.000	1.000	
50	115	Sn	1.000	1.000	1.000	1.000	1.000	1.000	1.000	1.000	1.000	1.003	1.013	
50	116	Sn	1.000	1.000	1.000	1.000	1.000	1.000	1.000	1.000	1.000	1.000	1.000	
50	117	Sn	1.000	1.000	1.000	1.000	0.999	0.999	0.998	0.998	1.002	1.036	1.096	
50	118	Sn	1.000	1.000	1.000	1.000	1.000	1.000	1.000	1.000	1.000	1.000	1.000	
50	119	Sn	1.007	1.026	1.048	1.087	1.143	1.206	1.336	1.450	1.544	1.684	1.776	
50	120	Sn	1.000	1.000	1.000	1.000	1.000	1.000	1.000	1.000	1.000	1.000	1.000	
50	121	Sn	1.039	1.084	1.094	1.096	1.098	1.099	1.103	1.108	1.115	1.128	1.142	
50	122	Sn	1.000	1.000	1.000	1.000	1.000	1.000	1.000	1.000	1.000	1.000	1.000	
50	124	Sn	1.000	1.000	1.000	1.000	1.000	1.000	1.000	1.000	1.000	1.000	1.000	
50	125	Sn	0.999	0.990	0.985	0.983	0.983	0.983	0.984	0.984	0.983	0.977	0.969	
50	126	Sn	1.000	1.000	1.000	1.000	1.000	1.000	1.000	1.000	1.000	1.000	1.000	
51	121	Sb	0.999	0.991	0.982	0.978	0.978	0.980	0.988	0.997	1.007	1.026	1.042	
51	122	Sb	1.028	1.046	1.054	1.054	1.052	1.047	1.036	1.026	1.018	1.003	0.989	
51	123	Sb	1.000	1.000	1.000	1.000	0.999	0.998	0.993	0.986	0.978	0.961	0.946	
51	125	Sb	1.000	1.000	1.000	1.000	1.000	1.000	1.000	1.000	0.999	0.995	0.988	
52	120	Te	1.000	1.000	1.000	1.000	1.000	1.000	1.000	1.000	1.000	1.003	1.010	
52	122	Te	1.000	1.000	1.000	1.000	1.000	1.000	1.000	1.000	1.000	1.001	1.007	
52	123	Te	1.000	1.000	1.000	1.000	1.001	1.003	1.014	1.038	1.074	1.157	1.227	
52	124	Te	1.000	1.000	1.000	1.000	1.000	1.000	1.000	1.000	1.000	1.001	1.006	
52	125	Te	0.999	0.997	1.010	1.033	1.064	1.102	1.194	1.292	1.381	1.517	1.598	
52	126	Te	1.000	1.000	1.000	1.000	1.000	1.000	1.000	1.000	1.000	1.001	1.003	
52	128	Te	1.000	1.000	1.000	1.000	1.000	1.000	1.000	1.000	1.000	1.000	1.002	
52	130	Te	1.000	1.000	1.000	1.000	1.000	1.000	1.000	1.000	1.000	1.000	1.000	
53	127	I	1.000	0.999	0.996	0.991	0.988	0.986	0.985	0.988	0.993	1.001	1.007	
53	129	I	0.998	0.983	0.963	0.947	0.936	0.927	0.916	0.909	0.903	0.891	0.878	
54	124	Xe	1.000	1.000	1.000	1.000	1.000	1.000	1.000	1.003	1.008	1.030	1.065	
54	126	Xe	1.000	1.000	1.000	1.000	1.000	1.000	1.000	1.001	1.004	1.019	1.045	
54	128	Xe	1.000	1.000	1.000	1.000	1.000	1.000	1.000	1.001	1.003	1.014	1.035	
54	129	Xe	1.000	1.008	1.032	1.056	1.079	1.100	1.144	1.194	1.247	1.343	1.407	
54	130	Xe	1.000	1.000	1.000	1.000	1.000	1.000	1.000	1.000	1.000	1.004	1.012	
54	131	Xe	1.000	1.000	0.999	0.996	0.991	0.989	1.000	1.025	1.049	1.070	1.070	
54	132	Xe	1.000	1.000	1.000	1.000	1.000	1.000	1.000	1.000	1.000	1.001	1.004	
54	133	Xe	1.000	1.000	1.000	1.000	1.000	1.001	1.006	1.019	1.038	1.082	1.121	
54	134	Xe	1.000	1.000	1.000	1.000	1.000	1.000	1.000	1.000	1.000	1.000	1.000	
54	136	Xe	1.000	1.000	1.000	1.000	1.000	1.000	1.000	1.000	1.000	1.000	1.000	
55	133	Cs	1.000	1.000	0.999	0.995	0.989	0.981	0.961	0.938	0.917	0.880	0.850	
55	134	Cs	0.989	0.982	0.985	0.989	0.993	0.997	1.005	1.013	1.019	1.030	1.038	
55	135	Cs	1.000	1.000	1.000	1.000	1.000	1.000	0.993	0.998	0.995	0.986	0.975	
56	130	Ba	1.000	1.000	1.000	1.000	1.000	1.000	1.000	1.002	1.006	1.023	1.054	
56	132	Ba	1.000	1.000	1.000	1.000	1.000	1.000	1.000	1.001	1.004	1.018	1.040	
56	134	Ba	1.000	1.000	1.000	1.000	1.000	1.000	1.000	1.000	1.000	1.001	1.004	
56	135	Ba	1.000	1.000	1.000	1.000	1.000	1.000	1.002	1.006	1.016	1.045	1.079	
56	136	Ba	1.000	1.000	1.000	1.000	1.000	1.000	1.000	1.000	1.000	1.000	1.000	
56	137	Ba	1.000	1.000	1.000	1.000	1.000	1.000	1.000	0.998	0.996	0.990	0.987	
56	138	Ba	1.000	1.000	1.000	1.000	1.000	1.000	1.000	1.000	1.000	1.000	1.000	
57	139	La	1.000	1.000	1.000	1.000	1.000	0.999	0.994	0.987	0.977	0.956	0.937	
58	132	Ce	1.000	1.000	1.000	1.000	1.000	1.000	1.001	1.006	1.016	1.050	1.093	
58	133	Ce	1.001	1.084	1.223	1.312	1.361	1.388	1.413	1.422	1.424	1.421	1.416	
58	134	Ce	1.000	1.000	1.000	1.000	1.000	1.000	1.000	1.001	1.005	1.021	1.049	
58	135	Ce	1.000	1.001	1.005	1.016	1.029	1.042	1.067	1.087	1.104	1.138	1.178	
58	136	Ce	1.000	1.000	1.000	1.000	1.000	1.000	1.000	1.000	1.000	1.003	1.011	
58	137	Ce	1.000	1.000	1.000	1.000	1.000	0.999	0.998	1.000	1.007	1.031	1.061	
58	138	Ce	1.000	1.000	1.000	1.000	1.000	1.000	1.000	1.000	1.000	1.000	1.001	
58	139	Ce	1.000	1.000	1.000	1.000	1.000	1.000	0.999	0.998	0.996	0.988	0.980	
58	140	Ce	1.000	1.000	1.000	1.000	1.000	1.000	1.000	1.000	1.000	1.000	1.000	
58	141	Ce	1.000	1.000	1.000	1.000	1.000	1.000	1.000	1.000	1.000	1.000	1.000	
58	142	Ce	1.000	1.000	1.000	1.000	1.000	1.000	1.000	1.000	1.000	1.001	1.004	
59	141	Pr	1.000	1.000	1.000	1.000	0.999	0.998	0.994	0.990	0.988	0.988	0.995	
59	142	Pr	0.749	1.013	1.101	1.129	1.132	1.120	1.086	1.053	1.027	0.994	0.977	
59	143	Pr	1.000	1.000	0.997	0.988	0.976	0.963	0.942	0.928	0.920	0.915	0.916	
60	142	Nd	1.000	1.000	1.000	1.000	1.000	1.000	1.000	1.000	1.000	1.000	1.000	
60	143	Nd	1.000	1.000	1.000	1.000	1.000	1.000	1.000	1.000	1.000	1.000	1.000	
60	144	Nd	1.000	1.000	1.000	1.000	1.000	1.000	1.000	1.000	1.000	1.001	1.004	
60	145	Nd	1.000	1.000	0.995	0.984	0.967	0.948	0.913	0.883	0.860	0.827	0.806	
60	146	Nd	1.000	1.000	1.000	1.000	1.000	1.000	1.000	1.000	1.000	1.003	1.011	
60	147	Nd	1.000	0.997	0.990	0.981	0.975	0.969	0.962	0.957	0.956	0.961	0.974	
60	148	Nd	1.000	1.000	1.000	1.000	1.000	1.000	1.001	1.003	1.008	1.022	1.046	
60	150	Nd	1.000	1.000	1.000	1.003	1.008	1.016	1.037	1.063	1.096	1.174	1.263	
61	147	Pm	1.000	1.000	0.000	0.000	0.990	0.990	0.980	0.970	0.960	0.940	0.930	
61	148	Pm	1.000	1.000	1.000	1.006	1.020	1.043	1.106	1.158	1.185	1.176	1.125	
61	148	Pm	1.000	1.000	1.000	1.000	1.000	1.000	1.000	1.000	1.000	1.000	1.000	
61	149	Pm	1.000	1.000	1.000	0.999	0.997	0.993	0.977	0.953	0.922	0.854	0.789	
62	144	Sm	1.000	1.000	1.000	1.000	1.000	1.000	1.000	1.000	1.000	1.000	1.000	
62	147	Sm	1.000	1.000	1.000	1.000	0.999	0.996	0.988	0.976	0.962	0.933	0.909	
62	148	Sm	1.000	1.000	1.000	1.000	1.000	1.000	1.000	1.000	1.001	1.004	1.013	
62	149	Sm	0.997	0.982	0.964	0.951	0.942	0.936	0.927	0.920	0.914	0.899	0.880	
62	150	Sm	1.000	1.000	1.000	1.000	1.000	1.000	1.000	1.001	1.003	1.014	1.034	
62	151	Sm	0.977	0.930	0.907	0.891	0.881	0.877	0.881	0.892	0.903	0.918	0.923	
62	152	Sm	1.000	1.000	1.001	1.005	1.015	1.031	1.071	1.116	1.163	1.260	1.356	
62	153	Sm	1.038	1.102	1.138	1.163	1.186	1.207	1.251	1.292	1.330	1.388	1.423	
62	154	Sm	1.000	1.001	1.010	1.033	1.065	1.099	1.170	1.240	1.307	1.433	1.546	
63	151	Eu	0.989	0.976	0.988	1.002	1.014	1.023	1.038	1.045	1.045	1.026	0.993	
63	152	Eu	1.000	1.001	1.001	0.995	0.975	0.944	0.881	0.833	0.801	0.762	0.734	
63	153	Eu	1.000	1.000	1.004	1.023	1.052	1.076	1.071	1.012	0.943	0.844	0.808	
63	154	Eu	1.000	1.000	1.001	0.995	0.979	0.953	0.897	0.852	0.822	0.791	0.778	
63	155	Eu	1.000	1.000	1.001	1.001	0.999	0.994	0.979	0.960	0.942	0.913	0.895	
64	152	Gd	1.000	1.000	1.000	1.000	1.000	1.000	1.000	1.001	1.003	1.015	1.038	
64	153	Gd	1.000	1.006	1.021	1.037	1.050	1.060	1.073	1.077	1.076	1.070	1.066	
64	154	Gd	1.000	1.000	0.999	0.999	1.000	1.007	1.037	1.080	1.128	1.225	1.314	
64	155	Gd	1.000	1.000	1.006	1.019	1.034	1.047	1.062	1.068	1.067	1.061	1.054	
64	156	Gd	1.000	1.001	1.014	1.049	1.097	1.146	1.230	1.297	1.354	1.450	1.536	
64	157	Gd	1.000	0.995	0.980	0.971	0.970	0.973	0.988	1.004	1.019	1.042	1.057	
64	158	Gd	1.000	1.000	1.002	1.014	1.036	1.065	1.131	1.200	1.267	1.391	1.504	
64	160	Gd	1.000	1.004	1.029	1.072	1.119	1.162	1.244	1.319	1.390	1.521	1.638	
65	159	Tb	1.000	0.996	0.977	0.957	0.945	0.940	0.945	0.961	0.977	0.986	0.977	
65	160	Tb	1.000	1.000	1.001	0.997	0.987	0.971	0.931	0.892	0.860	0.817	0.795	
66	156	Dy	1.000	1.000	1.001	1.007	1.022	1.046	1.107	1.164	1.211	1.282	1.337	
66	158	Dy	1.000	1.001	1.027	1.102	1.195	1.273	1.368	1.404	1.409	1.390	1.388	
66	160	Dy	1.000	1.000	1.005	1.028	1.065	1.108	1.193	1.266	1.329	1.433	1.518	
66	161	Dy	0.999	1.013	1.022	1.017	1.007	0.995	0.975	0.961	0.952	0.945	0.945	
66	162	Dy	1.000	1.001	1.017	1.055	1.104	1.153	1.238	1.309	1.371	1.480	1.577	
66	163	Dy	1.000	1.000	1.000	0.999	0.996	0.992	0.985	0.976	0.966	0.936	0.903	
66	164	Dy	1.000	1.004	1.031	1.076	1.125	1.170	1.252	1.325	1.394	1.522	1.635	
67	163	Ho	1.000	1.000	0.999	0.998	0.996	0.993	0.988	0.983	0.978	0.963	0.942	
67	165	Ho	1.000	1.000	0.999	0.996	0.993	0.989	0.980	0.972	0.965	0.951	0.940	
68	162	Er	1.000	1.000	1.003	1.015	1.041	1.074	1.144	1.201	1.247	1.319	1.378	
68	164	Er	1.000	1.001	1.018	1.080	1.164	1.239	1.331	1.369	1.375	1.357	1.350	
68	166	Er	1.000	0.999	0.998	1.006	1.031	1.064	1.142	1.219	1.290	1.415	1.522	
68	167	Er	1.000	1.000	0.994	0.982	0.966	0.951	0.929	0.916	0.908	0.888	0.862	
68	168	Er	1.000	1.002	1.022	1.065	1.116	1.163	1.245	1.313	1.375	1.490	1.596	
68	169	Er	1.000	0.999	0.994	0.988	0.983	0.980	0.987	0.999	1.013	1.042	1.070	
68	170	Er	1.000	1.003	1.024	1.065	1.112	1.156	1.237	1.310	1.379	1.510	1.632	
69	169	Tm	0.986	1.274	1.338	1.350	1.353	1.357	1.370	1.387	1.401	1.412	1.402	
69	170	Tm	0.999	0.994	0.998	1.011	1.027	1.042	1.064	1.070	1.065	1.040	1.017	
69	171	Tm	1.385	1.383	1.380	1.381	1.383	1.386	1.399	1.418	1.444	1.501	1.554	
70	168	Yb	1.000	1.001	1.013	1.046	1.093	1.139	1.214	1.265	1.304	1.367	1.422	
70	170	Yb	1.000	1.000	1.011	1.060	1.133	1.201	1.288	1.324	1.333	1.318	1.314	
70	171	Yb	1.000	1.002	1.016	1.044	1.074	1.097	1.124	1.134	1.139	1.147	1.156	
70	172	Yb	1.000	1.000	1.011	1.042	1.086	1.131	1.211	1.275	1.332	1.437	1.537	
70	173	Yb	1.000	1.001	1.004	1.007	1.009	1.009	1.008	1.007	1.006	1.002	0.993	
70	174	Yb	1.000	1.001	1.010	1.036	1.073	1.113	1.197	1.278	1.357	1.505	1.641	
70	175	Yb	1.000	1.000	1.000	1.000	0.999	0.997	0.989	0.979	0.966	0.940	0.918	
70	176	Yb	1.000	1.000	1.005	1.020	1.046	1.077	1.147	1.222	1.297	1.445	1.586	
71	175	Lu	1.000	1.000	1.000	1.000	1.000	1.000	0.998	0.993	0.987	0.965	0.933	
71	176	Lu	1.000	1.000	1.000	1.000	1.000	0.999	0.996	0.989	0.977	0.939	0.886	
72	174	Hf	1.000	1.001	1.012	1.044	1.087	1.131	1.204	1.256	1.297	1.365	1.426	
72	176	Hf	1.000	1.002	1.027	1.080	1.141	1.194	1.265	1.305	1.331	1.374	1.420	
72	177	Hf	1.000	1.000	1.000	1.001	1.002	1.002	1.001	0.998	0.993	0.978	0.958	
72	178	Hf	1.000	1.000	1.002	1.013	1.037	1.068	1.136	1.200	1.260	1.370	1.470	
72	179	Hf	1.000	1.000	1.000	0.998	0.995	0.991	0.981	0.970	0.960	0.937	0.912	
72	180	Hf	1.000	1.000	1.004	1.019	1.044	1.075	1.140	1.203	1.264	1.383	1.499	
72	181	Hf	1.000	1.012	1.074	1.164	1.248	1.317	1.427	1.516	1.594	1.732	1.845	
72	182	Hf	1.000	1.000	1.001	1.009	1.025	1.047	1.104	1.166	1.232	1.367	1.502	
73	179	Ta	1.002	1.036	1.054	1.055	1.050	1.044	1.030	1.017	1.005	0.983	0.964	
73	180	Ta	0.939	0.890	0.896	0.920	0.942	0.957	0.969	0.970	0.965	0.950	0.927	
73	181	Ta	0.951	0.970	0.989	1.002	1.012	1.019	1.027	1.026	1.020	0.999	0.974	
73	182	Ta	1.113	1.230	1.192	1.154	1.125	1.100	1.055	1.011	0.969	0.896	0.838	
74	180	W	1.000	1.000	1.001	1.009	1.026	1.051	1.108	1.162	1.210	1.294	1.370	
74	182	W	1.000	1.000	1.008	1.031	1.067	1.106	1.179	1.237	1.288	1.381	1.473	
74	183	W	1.000	1.005	1.027	1.057	1.088	1.115	1.160	1.197	1.229	1.277	1.301	
74	184	W	1.000	1.000	1.003	1.016	1.039	1.067	1.129	1.186	1.238	1.341	1.443	
74	185	W	0.997	0.978	0.957	0.939	0.926	0.916	0.910	0.917	0.933	0.977	1.023	
74	186	W	1.000	1.000	1.000	1.001	1.005	1.014	1.045	1.088	1.136	1.245	1.358	
75	185	Re	1.000	1.000	1.000	1.001	1.001	1.002	1.003	1.003	1.003	1.001	0.998	
75	186	Re	1.000	0.999	0.999	1.006	1.022	1.042	1.084	1.114	1.133	1.144	1.140	
75	187	Re	1.000	1.000	1.000	1.001	1.003	1.004	1.006	1.004	1.000	0.987	0.973	
76	184	Os	1.000	1.000	1.002	1.011	1.030	1.056	1.112	1.162	1.204	1.275	1.339	
76	186	Os	1.000	1.000	1.000	1.004	1.017	1.043	1.113	1.175	1.221	1.273	1.301	
76	187	Os	1.084	1.312	1.315	1.298	1.287	1.284	1.303	1.342	1.391	1.495	1.591	
76	188	Os	1.000	1.000	1.000	1.003	1.009	1.021	1.056	1.097	1.137	1.211	1.281	
76	189	Os	1.005	1.086	1.150	1.180	1.193	1.201	1.216	1.229	1.241	1.254	1.254	
76	190	Os	1.000	1.000	1.000	1.000	1.000	1.000	1.006	1.020	1.041	1.100	1.169	
76	191	Os	1.000	1.000	0.998	0.994	0.985	0.972	0.937	0.898	0.860	0.798	0.756	
76	192	Os	1.000	1.000	1.000	1.000	1.000	1.000	1.001	1.006	1.016	1.047	1.085	
77	191	Ir	1.000	1.000	1.000	0.998	0.996	0.995	0.999	1.011	1.030	1.071	1.108	
77	192	Ir	1.000	1.008	1.048	1.111	1.173	1.221	1.283	1.309	1.315	1.290	1.241	
77	193	Ir	1.000	0.999	0.990	0.981	0.982	0.993	1.030	1.068	1.102	1.150	1.173	
78	190	Pt	1.000	1.000	1.000	1.000	1.000	1.000	1.001	1.005	1.013	1.043	1.083	
78	192	Pt	1.000	1.000	1.000	1.000	1.000	1.000	0.999	0.997	0.996	1.002	1.022	
78	193	Pt	0.743	1.271	1.373	1.397	1.409	1.421	1.455	1.499	1.551	1.656	1.748	
78	194	Pt	1.000	1.000	1.000	1.000	1.000	1.000	1.000	1.002	1.008	1.029	1.060	
78	195	Pt	1.000	1.000	1.000	1.000	0.997	0.988	0.963	0.942	0.938	0.968	1.013	
78	196	Pt	1.000	1.000	1.000	1.000	1.000	1.000	1.000	1.000	1.001	1.009	1.025	
78	198	Pt	1.000	1.000	1.000	1.000	1.000	1.000	1.000	1.000	1.001	1.005	1.011	
79	197	Au	1.000	1.000	0.999	0.995	0.988	0.980	0.962	0.945	0.931	0.915	0.920	
79	198	Au	1.000	1.000	0.996	0.988	0.975	0.961	0.931	0.899	0.865	0.801	0.755	
80	196	Hg	1.000	1.000	1.000	1.000	1.000	1.000	1.000	1.000	1.002	1.010	1.029	
80	198	Hg	1.000	1.000	1.000	1.000	1.000	1.000	1.000	0.999	0.997	0.991	0.987	
80	199	Hg	1.000	1.000	1.000	1.000	1.001	1.002	1.007	1.015	1.023	1.045	1.081	
80	200	Hg	1.000	1.000	1.000	1.000	1.000	1.000	1.000	1.002	1.005	1.016	1.032	
80	201	Hg	0.885	0.891	0.890	0.896	0.908	0.925	0.962	0.997	1.028	1.077	1.113	
80	202	Hg	1.000	1.000	1.000	1.000	1.000	1.000	1.000	1.000	1.000	1.001	1.004	
80	203	Hg	0.976	0.959	0.939	0.916	0.894	0.874	0.840	0.815	0.794	0.762	0.739	
80	204	Hg	1.000	1.000	1.000	1.000	1.000	1.000	1.000	1.000	1.000	0.997	0.992	
81	203	Tl	1.000	1.000	1.000	1.000	1.000	1.000	1.000	0.999	0.997	0.990	0.982	
81	204	Tl	1.000	1.000	1.000	0.999	0.998	0.995	0.983	0.966	0.946	0.898	0.849	
81	205	Tl	1.000	1.000	1.000	1.000	1.000	1.000	1.000	0.997	0.990	0.974	0.960	
82	204	Pb	1.000	1.000	1.000	1.000	1.000	1.000	1.000	1.000	1.000	1.000	1.000	
82	205	Pb	0.846	0.876	0.894	0.900	0.902	0.901	0.898	0.893	0.887	0.873	0.857	
82	206	Pb	1.000	1.000	1.000	1.000	1.000	1.000	1.000	1.000	1.000	1.000	0.999	
82	207	Pb	1.000	1.000	1.000	1.000	1.000	1.000	1.000	1.000	1.000	1.000	1.000	
82	208	Pb	1.000	1.000	1.000	1.000	1.000	1.000	1.000	1.000	1.000	1.000	1.000	
83	209	Bi	1.000	1.000	1.000	1.000	1.000	1.000	1.000	1.000	1.000	1.000	1.000	
83	210	Bi	1.000	0.997	0.989	0.976	0.963	0.952	0.939	0.939	0.951	0.985	1.001	


(/1):HO AGGIUNTO IO LA SEF DELL'O17, DOVE L'O17 E' PRESO DA WAGONER1969 MA NON E' COMPRESO IN
BAO2000 E NELLE TAVOLE DELLE SEF E DEI RATE KADONIS FINE 2005.