H NUM     Z    A ISOM  ABUNDANCE_MF  ISOTP
 # mod      526 dzeit  1.03E-10 agej  4.8518E-04
 # t9 =    9.913E+00 rho =    1.005E+10
 # densn  1.10065E+32
 # densp  2.96466E+29
 # densa  1.91531E+31
 # total_energy_flux_[erg/(g*s)]  0.00000E+00
    1     0.   1.   1   1.81790E-02  NEUT 
    2     1.   1.   1   4.89663E-05  PROT 
    3     1.   2.   1   1.62851E-06  H   2
    4     2.   3.   1   1.48428E-09  HE  3
    5     2.   4.   1   1.26538E-02  HE  4
    6     4.   7.   1   2.25772E-12  BE  7
    7     5.   8.   1   4.06692E-18  B   8
    8     3.   7.   1   5.27977E-09  LI  7
    9     6.  11.   1   7.72999E-13  C  11
   10     5.  11.   1   6.32526E-09  B  11
   11     6.  12.   1   2.29232E-07  C  12
   12     6.  13.   1   5.32292E-08  C  13
   13     7.  13.   1   5.05762E-12  N  13
   14     7.  14.   1   6.14457E-10  N  14
   15     6.  14.   1   1.33452E-07  C  14
   16     7.  15.   1   4.54631E-08  N  15
   17     8.  16.   1   3.71185E-08  O  16
   18     8.  17.   1   1.10486E-08  O  17
   19     8.  18.   1   1.13109E-08  O  18
   20     9.  17.   1   6.20546E-13  F  17
   21     9.  18.   1   1.18437E-11  F  18
   22     9.  19.   1   9.88951E-10  F  19
   23    10.  20.   1   6.00529E-10  NE 20
   24    10.  21.   1   2.92136E-09  NE 21
   25    10.  22.   1   4.31038E-08  NE 22
   26    11.  22.   1   1.53010E-11  NA 22
   27    11.  23.   1   5.60710E-09  NA 23
   28    12.  23.   1   6.75699E-14  MG 23
   29    12.  24.   1   1.30234E-09  MG 24
   30    12.  25.   1   1.19399E-08  MG 25
   31    12.  26.   1   3.06848E-07  MG 26
   32    13.  26.   1   4.44529E-11  AL 26
   33    13.  27.   1   2.63166E-08  AL 27
   34    14.  27.   1   1.43662E-13  SI 27
   35    14.  28.   1   4.17534E-09  SI 28
   36    14.  29.   1   6.83931E-08  SI 29
   37    14.  30.   1   2.06722E-06  SI 30
   38    15.  31.   1   3.28473E-08  P  31
   39    16.  31.   1   9.04181E-14  S  31
   46     4.   8.   1   1.05941E-06  BE  8
   47     8.  14.   1   6.51388E-16  O  14
   48     8.  15.   1   2.36851E-12  O  15
   49    11.  21.   1   6.51955E-14  NA 21
   50    13.  25.   1   1.14269E-13  AL 25
   51    15.  29.   1   3.14168E-13  P  29
   52    15.  30.   1   1.16632E-10  P  30
   58     9.  20.   1   8.64169E-10  F  20
   59    10.  19.   1   2.93938E-14  NE 19
   60    11.  24.   1   1.34412E-08  NA 24
   61    12.  27.   1   4.93498E-07  MG 27
   62    12.  28.   1   1.25508E-06  MG 28
   63    13.  28.   1   1.56763E-07  AL 28
   64    13.  29.   1   1.35245E-06  AL 29
   65    14.  31.   1   6.07471E-06  SI 31
   66    14.  32.   1   2.19413E-05  SI 32
   67    15.  32.   1   4.36280E-07  P  32
   68    15.  33.   1   5.28403E-06  P  33
   69    15.  34.   1   7.78952E-06  P  34
   70    15.  35.   1   1.00897E-05  P  35
   71    16.  32.   1   4.64562E-10  S  32
   72    16.  33.   1   1.75901E-08  S  33
   73    16.  34.   1   8.64529E-07  S  34
   74    16.  35.   1   4.07384E-06  S  35
   75    16.  36.   1   2.41346E-05  S  36
   76    16.  37.   1   1.37624E-05  S  37
   77    16.  38.   1   9.85469E-06  S  38
   78    17.  34.   1   2.03912E-11  CL 34
   79    17.  35.   1   7.27285E-09  CL 35
   80    17.  36.   1   1.19213E-07  CL 36
   81    17.  37.   1   2.37784E-06  CL 37
   82    17.  38.   1   3.80163E-06  CL 38
   83    17.  39.   1   1.02772E-05  CL 39
   84    17.  40.   1   5.94235E-06  CL 40
   85    18.  35.   1   1.22489E-14  AR 35
   86    18.  36.   1   4.63198E-11  AR 36
   87    18.  37.   1   2.26197E-09  AR 37
   88    18.  38.   1   1.49523E-07  AR 38
   89    18.  39.   1   8.93929E-07  AR 39
   90    18.  40.   1   6.96656E-06  AR 40
   91    18.  41.   1   1.79983E-05  AR 41
   92    18.  42.   1   5.38546E-05  AR 42
   93    18.  43.   1   6.04677E-05  AR 43
   94    18.  44.   1   1.00189E-04  AR 44
   95    19.  38.   1   1.87849E-12  K  38
   96    19.  39.   1   1.00097E-09  K  39
   97    19.  40.   1   1.73385E-08  K  40
   98    19.  41.   1   3.90057E-07  K  41
   99    19.  42.   1   3.24573E-06  K  42
  100    19.  43.   1   2.85963E-05  K  43
  101    19.  44.   1   6.61764E-05  K  44
  102    19.  45.   1   3.31849E-04  K  45
  103    19.  46.   1   4.10743E-04  K  46
  104    20.  39.   1   8.23805E-16  CA 39
  105    20.  40.   1   4.83596E-12  CA 40
  106    20.  41.   1   2.81255E-10  CA 41
  107    20.  42.   1   1.89108E-08  CA 42
  108    20.  43.   1   4.35651E-07  CA 43
  109    20.  44.   1   1.00740E-05  CA 44
  110    20.  45.   1   9.06270E-05  CA 45
  111    20.  46.   1   9.12827E-04  CA 46
  112    20.  47.   1   3.96069E-03  CA 47
  113    20.  48.   1   1.55377E-02  CA 48
  114    20.  49.   1   8.87317E-03  CA 49
  115    21.  43.   1   7.22227E-11  SC 43
  116    21.  44.   1   3.84778E-09  SC 44
  117    21.  45.   1   4.05362E-07  SC 45
  118    21.  46.   1   7.65069E-06  SC 46
  119    21.  47.   1   1.61852E-04  SC 47
  120    21.  48.   1   1.93753E-03  SC 48
  121    21.  49.   1   1.47117E-02  SC 49
  122    21.  50.   1   1.76808E-02  SC 50
  123    22.  44.   1   2.66493E-13  TI 44
  124    22.  45.   1   5.59982E-11  TI 45
  125    22.  46.   1   1.05232E-08  TI 46
  126    22.  47.   1   5.96477E-07  TI 47
  127    22.  48.   1   3.02585E-05  TI 48
  128    22.  49.   1   5.05205E-04  TI 49
  129    22.  50.   1   7.98577E-03  TI 50
  130    22.  51.   1   1.81185E-02  TI 51
  131    22.  52.   1   2.48274E-02  TI 52
  132    23.  47.   1   5.16813E-11  V  47
  133    23.  48.   1   6.12680E-09  V  48
  134    23.  49.   1   8.74496E-07  V  49
  135    23.  50.   1   2.45173E-05  V  50
  136    23.  51.   1   9.55422E-04  V  51
  137    23.  52.   1   5.03124E-03  V  52
  138    23.  53.   1   1.70374E-02  V  53
  139    24.  48.   1   9.73618E-14  CR 48
  140    24.  49.   1   3.61420E-11  CR 49
  141    24.  50.   1   1.21472E-08  CR 50
  142    24.  51.   1   8.75417E-07  CR 51
  143    24.  52.   1   5.95143E-05  CR 52
  144    24.  53.   1   7.91997E-04  CR 53
  145    24.  54.   1   6.96633E-03  CR 54
  146    24.  55.   1   1.58939E-02  CR 55
  147    24.  56.   1   1.91082E-02  CR 56
  148    25.  51.   1   3.16617E-11  MN 51
  149    25.  52.   1   5.56306E-09  MN 52
  150    25.  53.   1   8.50186E-07  MN 53
  151    25.  54.   1   2.83629E-05  MN 54
  152    25.  55.   1   6.17263E-04  MN 55
  153    25.  56.   1   3.04614E-03  MN 56
  154    25.  57.   1   1.11297E-02  MN 57
  155    26.  52.   1   3.59572E-14  FE 52
  156    26.  53.   1   1.85113E-11  FE 53
  157    26.  54.   1   6.85349E-09  FE 54
  158    26.  55.   1   4.84614E-07  FE 55
  159    26.  56.   1   2.52518E-05  FE 56
  160    26.  57.   1   3.30192E-04  FE 57
  161    26.  58.   1   2.97803E-03  FE 58
  162    26.  59.   1   9.99919E-03  FE 59
  163    26.  60.   1   2.05162E-02  FE 60
  164    26.  61.   1   2.36994E-02  FE 61
  165    27.  55.   1   1.00805E-11  CO 55
  166    27.  56.   1   1.73166E-09  CO 56
  167    27.  57.   1   1.58992E-07  CO 57
  168    27.  58.   1   4.50025E-06  CO 58
  169    27.  59.   1   1.03027E-04  CO 59
  170    27.  60.   1   7.62588E-04  CO 60
  171    27.  61.   1   4.70591E-03  CO 61
  172    27.  62.   1   1.12182E-02  CO 62
  173    27.  63.   1   2.86905E-02  CO 63
  174    28.  56.   1   6.55469E-15  NI 56
  175    28.  57.   1   2.60067E-12  NI 57
  176    28.  58.   1   5.43172E-10  NI 58
  177    28.  59.   1   3.65103E-08  NI 59
  178    28.  60.   1   1.47011E-06  NI 60
  179    28.  61.   1   3.46546E-05  NI 61
  180    28.  62.   1   3.97236E-04  NI 62
  181    28.  63.   1   2.76193E-03  NI 63
  182    28.  64.   1   9.72749E-03  NI 64
  183    28.  65.   1   2.95972E-02  NI 65
  184    28.  66.   1   4.27081E-02  NI 66
  185    28.  67.   1   4.28319E-02  NI 67
  186    28.  68.   1   2.99488E-02  NI 68
  187    29.  60.   1   3.33381E-11  CU 60
  188    29.  61.   1   3.85436E-09  CU 61
  189    29.  62.   1   1.48114E-07  CU 62
  190    29.  63.   1   5.00707E-06  CU 63
  191    29.  64.   1   5.76546E-05  CU 64
  192    29.  65.   1   6.46940E-04  CU 65
  193    29.  66.   1   2.80772E-03  CU 66
  194    29.  67.   1   1.31235E-02  CU 67
  195    29.  68.   1   2.38549E-02  CU 68
  196    29.  69.   1   3.17357E-02  CU 69
  197    29.  70.   1   2.91037E-02  CU 70
  198    29.  71.   1   2.23512E-02  CU 71
  199    30.  62.   1   3.06134E-12  ZN 62
  200    30.  63.   1   3.26645E-10  ZN 63
  201    30.  64.   1   1.67666E-08  ZN 64
  202    30.  65.   1   5.46211E-07  ZN 65
  203    30.  66.   1   8.86388E-06  ZN 66
  204    30.  67.   1   1.08405E-04  ZN 67
  205    30.  68.   1   5.72411E-04  ZN 68
  206    30.  69.   1   3.20923E-03  ZN 69
  207    30.  70.   1   6.74073E-03  ZN 70
  208    30.  71.   1   1.39985E-02  ZN 71
  209    30.  72.   1   1.62654E-02  ZN 72
  210    30.  73.   1   2.29050E-02  ZN 73
  211    30.  74.   1   9.76186E-03  ZN 74
  212    31.  65.   1   1.82555E-11  GA 65
  213    31.  66.   1   7.72094E-10  GA 66
  214    31.  67.   1   4.68080E-08  GA 67
  215    31.  68.   1   7.02954E-07  GA 68
  216    31.  69.   1   1.47506E-05  GA 69
  217    31.  70.   1   8.44782E-05  GA 70
  218    31.  71.   1   6.29673E-04  GA 71
  219    31.  72.   1   1.84999E-03  GA 72
  220    31.  73.   1   6.51071E-03  GA 73
  221    31.  74.   1   1.01360E-02  GA 74
  222    31.  75.   1   1.98343E-02  GA 75
  223    32.  66.   1   6.33597E-15  GE 66
  224    32.  67.   1   1.03298E-12  GE 67
  225    32.  68.   1   6.43685E-11  GE 68
  226    32.  69.   1   3.60513E-09  GE 69
  227    32.  70.   1   8.28926E-08  GE 70
  228    32.  71.   1   1.79595E-06  GE 71
  229    32.  72.   1   1.66442E-05  GE 72
  230    32.  73.   1   1.50422E-04  GE 73
  231    32.  74.   1   7.64516E-04  GE 74
  232    32.  75.   1   3.44559E-03  GE 75
  233    32.  76.   1   7.62442E-03  GE 76
  234    32.  77.   1   1.68905E-02  GE 77
  235    32.  78.   1   2.03212E-02  GE 78
  236    33.  69.   1   3.96509E-14  AS 69
  237    33.  70.   1   3.07095E-12  AS 70
  238    33.  71.   1   2.40890E-10  AS 71
  239    33.  72.   1   5.20880E-09  AS 72
  240    33.  73.   1   1.87735E-07  AS 73
  241    33.  74.   1   2.03204E-06  AS 74
  242    33.  75.   1   3.12498E-05  AS 75
  243    33.  76.   1   1.85995E-04  AS 76
  244    33.  77.   1   1.10911E-03  AS 77
  245    33.  78.   1   2.91015E-03  AS 78
  246    33.  79.   1   9.78562E-03  AS 79
  247    33.  80.   1   1.63760E-02  AS 80
  248    33.  81.   1   2.69555E-02  AS 81
  249    34.  72.   1   2.69398E-13  SE 72
  250    34.  73.   1   2.09882E-11  SE 73
  251    34.  74.   1   7.67560E-10  SE 74
  252    34.  75.   1   2.73620E-08  SE 75
  253    34.  76.   1   4.60733E-07  SE 76
  254    34.  77.   1   7.07285E-06  SE 77
  255    34.  78.   1   4.77820E-05  SE 78
  256    34.  79.   1   4.12962E-04  SE 79
  257    34.  80.   1   1.51887E-03  SE 80
  258    34.  81.   1   6.75365E-03  SE 81
  259    34.  82.   1   1.39997E-02  SE 82
  260    34.  83.   1   2.73437E-02  SE 83
  261    34.  84.   1   2.13421E-02  SE 84
  262    35.  74.   1   1.20848E-14  BR 74
  263    35.  75.   1   1.80489E-12  BR 75
  264    35.  76.   1   6.71206E-11  BR 76
  265    35.  77.   1   3.53824E-09  BR 77
  266    35.  78.   1   5.64719E-08  BR 78
  267    35.  79.   1   1.36075E-06  BR 79
  268    35.  80.   1   1.17746E-05  BR 80
  269    35.  81.   1   1.25950E-04  BR 81
  270    35.  82.   1   6.42019E-04  BR 82
  271    35.  83.   1   3.78355E-03  BR 83
  272    35.  84.   1   1.03875E-02  BR 84
  273    35.  85.   1   2.15481E-02  BR 85
  274    35.  86.   1   1.27237E-02  BR 86
  275    35.  87.   1   3.53927E-03  BR 87
  276    36.  76.   1   1.42523E-15  KR 76
  277    36.  77.   1   1.90148E-13  KR 77
  278    36.  78.   1   9.97965E-12  KR 78
  279    36.  79.   1   4.74821E-10  KR 79
  280    36.  80.   1   1.09303E-08  KR 80
  281    36.  81.   1   2.80137E-07  KR 81
  282    36.  82.   1   3.06985E-06  KR 82
  283    36.  83.   1   4.43591E-05  KR 83
  284    36.  84.   1   3.07315E-04  KR 84
  285    36.  85.   1   2.80991E-03  KR 85
  286    36.  86.   1   7.53317E-03  KR 86
  287    36.  87.   1   1.07164E-02  KR 87
  288    36.  88.   1   5.13804E-03  KR 88
  289    36.  89.   1   2.54289E-03  KR 89
  290    36.  90.   1   6.58731E-04  KR 90
  291    37.  79.   1   1.64965E-14  RB 79
  292    37.  80.   1   7.51479E-13  RB 80
  293    37.  81.   1   6.08850E-11  RB 81
  294    37.  82.   1   1.48900E-09  RB 82
  295    37.  83.   1   5.25026E-08  RB 83
  296    37.  84.   1   7.28842E-07  RB 84
  297    37.  85.   1   1.86501E-05  RB 85
  298    37.  86.   1   1.76477E-04  RB 86
  299    37.  87.   1   1.66625E-03  RB 87
  300    37.  88.   1   3.01656E-03  RB 88
  301    37.  89.   1   3.25037E-03  RB 89
  302    37.  90.   1   1.83124E-03  RB 90
  303    37.  91.   1   9.82804E-04  RB 91
  304    38.  80.   1   9.70308E-18  SR 80
  305    38.  81.   1   1.62965E-15  SR 81
  306    38.  82.   1   8.70764E-14  SR 82
  307    38.  83.   1   7.12052E-12  SR 83
  308    38.  84.   1   2.21175E-10  SR 84
  309    38.  85.   1   1.09418E-08  SR 85
  310    38.  86.   1   2.47559E-07  SR 86
  311    38.  87.   1   8.70714E-06  SR 87
  312    38.  88.   1   8.11196E-05  SR 88
  313    38.  89.   1   3.75013E-04  SR 89
  314    38.  90.   1   5.12941E-04  SR 90
  315    38.  91.   1   7.15270E-04  SR 91
  316    38.  92.   1   4.56724E-04  SR 92
  317    38.  93.   1   3.11722E-04  SR 93
  318    38.  94.   1   8.31711E-05  SR 94
  319    39.  85.   1   7.94278E-13  Y  85
  320    39.  86.   1   3.81973E-11  Y  86
  321    39.  87.   1   2.43808E-09  Y  87
  322    39.  88.   1   9.79698E-08  Y  88
  323    39.  89.   1   2.08163E-06  Y  89
  324    39.  90.   1   1.47780E-05  Y  90
  325    39.  91.   1   4.05150E-05  Y  91
  326    39.  92.   1   5.89631E-05  Y  92
  327    39.  93.   1   1.18363E-04  Y  93
  328    39.  94.   1   1.09181E-04  Y  94
  329    39.  95.   1   7.26903E-05  Y  95
  330    39.  96.   1   2.12014E-05  Y  96
  331    40.  86.   1   7.32518E-16  ZR 86
  332    40.  87.   1   8.74601E-14  ZR 87
  333    40.  88.   1   6.20734E-12  ZR 88
  334    40.  89.   1   5.41529E-10  ZR 89
  335    40.  90.   1   1.46674E-08  ZR 90
  336    40.  91.   1   2.09014E-07  ZR 91
  337    40.  92.   1   7.72707E-07  ZR 92
  338    40.  93.   1   2.80491E-06  ZR 93
  339    40.  94.   1   6.57827E-06  ZR 94
  340    40.  95.   1   1.43114E-05  ZR 95
  341    40.  96.   1   1.44421E-05  ZR 96
  342    40.  97.   1   8.81727E-06  ZR 97
  343    40.  98.   1   2.33511E-06  ZR 98
  344    41.  89.   1   1.26896E-14  NB 89
  345    41.  90.   1   1.10229E-12  NB 90
  346    41.  91.   1   7.20923E-11  NB 91
  347    41.  92.   1   1.08898E-09  NB 92
  348    41.  93.   1   9.44767E-09  NB 93
  349    41.  94.   1   4.18185E-08  NB 94
  350    41.  95.   1   1.94549E-07  NB 95
  351    41.  96.   1   4.71064E-07  NB 96
  352    41.  97.   1   1.01297E-06  NB 97
  353    41.  98.   1   8.55874E-07  NB 98
  354    41.  99.   1   6.48227E-07  NB 99
  355    42.  90.   1   6.96903E-18  MO 90
  356    42.  91.   1   1.60515E-15  MO 91
  357    42.  92.   1   1.06783E-13  MO 92
  358    42.  93.   1   3.87557E-12  MO 93
  359    42.  94.   1   3.98575E-11  MO 94
  360    42.  95.   1   3.89302E-10  MO 95
  361    42.  96.   1   2.03467E-09  MO 96
  362    42.  97.   1   1.02061E-08  MO 97
  363    42.  98.   1   2.42473E-08  MO 98
  364    42.  99.   1   5.70737E-08  MO 99
  365    42. 100.   1   4.82797E-08  MO100
  366    42. 101.   1   7.07460E-08  MO101
  367    42. 102.   1   4.55709E-08  MO102
  368    43.  93.   1   1.15762E-16  TC 93
  369    43.  94.   1   5.24912E-15  TC 94
  370    43.  95.   1   1.25923E-13  TC 95
  371    43.  96.   1   1.55326E-12  TC 96
  372    43.  97.   1   1.58557E-11  TC 97
  373    43.  98.   1   9.36494E-11  TC 98
  374    43.  99.   1   5.22012E-10  TC 99
  375    43. 100.   1   1.31172E-09  TC100
  376    43. 101.   1   4.00481E-09  TC101
  377    43. 102.   1   5.04571E-09  TC102
  378    43. 103.   1   9.32713E-09  TC103
  379    43. 104.   1   8.70000E-09  TC104
  380    43. 105.   1   9.78756E-09  TC105
  381    44.  94.   1   4.32787E-20  RU 94
  382    44.  95.   1   4.46168E-18  RU 95
  383    44.  96.   1   1.40694E-16  RU 96
  384    44.  97.   1   3.90072E-15  RU 97
  385    44.  98.   1   5.05177E-14  RU 98
  386    44.  99.   1   6.73191E-13  RU 99
  387    44. 100.   1   4.44519E-12  RU100
  388    44. 101.   1   2.89516E-11  RU101
  389    44. 102.   1   8.92415E-11  RU102
  390    44. 103.   1   3.36736E-10  RU103
  391    44. 104.   1   5.75674E-10  RU104
  392    44. 105.   1   1.38359E-09  RU105
  393    44. 106.   1   1.68345E-09  RU106
  394    45.  98.   1   3.05398E-18  RH 98
  395    45.  99.   1   1.11990E-16  RH 99
  396    45. 100.   1   1.61075E-15  RH100
  397    45. 101.   1   2.59785E-14  RH101
  398    45. 102.   1   1.85355E-13  RH102
  399    45. 103.   1   1.46665E-12  RH103
  400    45. 104.   1   5.81608E-12  RH104
  401    45. 105.   1   2.76003E-11  RH105
  402    45. 106.   1   5.69746E-11  RH106
  403    45. 107.   1   1.68588E-10  RH107
  404    45. 108.   1   2.13019E-10  RH108
  405    46.  99.   1   2.17438E-21  PD 99
  406    46. 100.   1   7.52995E-20  PD100
  407    46. 101.   1   2.63979E-18  PD101
  408    46. 102.   1   5.03290E-17  PD102
  409    46. 103.   1   9.02050E-16  PD103
  410    46. 104.   1   7.48990E-15  PD104
  411    46. 105.   1   7.42036E-14  PD105
  412    46. 106.   1   3.37170E-13  PD106
  413    46. 107.   1   1.78379E-12  PD107
  414    46. 108.   1   4.68118E-12  PD108
  415    46. 109.   1   1.44384E-11  PD109
  416    46. 110.   1   2.12920E-11  PD110
  417    46. 111.   1   4.79693E-11  PD111
  418    46. 112.   1   3.99234E-11  PD112
  419    47. 101.   1   3.31261E-23  AG101
  420    47. 102.   1   1.62290E-21  AG102
  421    47. 103.   1   5.62380E-20  AG103
  422    47. 104.   1   1.15372E-18  AG104
  423    47. 105.   1   2.62600E-17  AG105
  424    47. 106.   1   2.53315E-16  AG106
  425    47. 107.   1   3.09868E-15  AG107
  426    47. 108.   1   1.56729E-14  AG108
  427    47. 109.   1   1.02109E-13  AG109
  428    47. 110.   1   3.11520E-13  AG110
  429    47. 111.   1   1.12964E-12  AG111
  430    47. 112.   1   2.22324E-12  AG112
  431    47. 113.   1   4.43496E-12  AG113
  432    48. 102.   1   6.30289E-27  CD102
  433    48. 103.   1   4.29001E-25  CD103
  434    48. 104.   1   2.24363E-23  CD104
  435    48. 105.   1   1.13409E-21  CD105
  436    48. 106.   1   2.62433E-20  CD106
  437    48. 107.   1   6.80221E-19  CD107
  438    48. 108.   1   7.78129E-18  CD108
  439    48. 109.   1   1.03199E-16  CD109
  440    48. 110.   1   6.72190E-16  CD110
  441    48. 111.   1   5.11089E-15  CD111
  442    48. 112.   1   1.81406E-14  CD112
  443    48. 113.   1   7.98840E-14  CD113
  444    48. 114.   1   1.65349E-13  CD114
  445    48. 115.   1   4.31716E-13  CD115
  446    48. 116.   1   5.65576E-13  CD116
  447    48. 117.   1   8.99088E-13  CD117
  448    48. 118.   1   7.16175E-13  CD118
  449    49. 106.   1   2.35261E-25  IN106
  450    49. 107.   1   1.55757E-23  IN107
  451    49. 108.   1   4.26177E-22  IN108
  452    49. 109.   1   1.31155E-20  IN109
  453    49. 110.   1   1.89779E-19  IN110
  454    49. 111.   1   3.21216E-18  IN111
  455    49. 112.   1   2.51011E-17  IN112
  456    49. 113.   1   2.29223E-16  IN113
  457    49. 114.   1   1.05581E-15  IN114
  458    49. 115.   1   5.03323E-15  IN115
  459    49. 116.   1   1.36851E-14  IN116
  460    49. 117.   1   3.75005E-14  IN117
  461    49. 118.   1   6.18313E-14  IN118
  462    49. 119.   1   1.08164E-13  IN119
  463    50. 108.   1   2.40760E-27  SN108
  464    50. 109.   1   1.40074E-25  SN109
  465    50. 110.   1   6.02508E-24  SN110
  466    50. 111.   1   1.87053E-22  SN111
  467    50. 112.   1   3.02953E-21  SN112
  468    50. 113.   1   6.63967E-20  SN113
  469    50. 114.   1   5.70997E-19  SN114
  470    50. 115.   1   6.07656E-18  SN115
  471    50. 116.   1   3.18691E-17  SN116
  472    50. 117.   1   1.80071E-16  SN117
  473    50. 118.   1   5.42505E-16  SN118
  474    50. 119.   1   1.98306E-15  SN119
  475    50. 120.   1   3.64684E-15  SN120
  476    50. 121.   1   8.40646E-15  SN121
  477    50. 122.   1   9.84578E-15  SN122
  478    50. 123.   1   1.50491E-14  SN123
  479    50. 124.   1   1.18494E-14  SN124
  480    50. 125.   1   1.16156E-14  SN125
  481    50. 126.   1   6.25331E-15  SN126
  482    50. 127.   1   3.93672E-15  SN127
  483    50. 128.   1   1.62187E-15  SN128
  484    50. 129.   1   7.38542E-16  SN129
  485    50. 130.   1   2.15564E-16  SN130
  486    51. 112.   1   8.17898E-26  SB112
  487    51. 113.   1   2.26177E-24  SB113
  488    51. 114.   1   4.39473E-23  SB114
  489    51. 115.   1   1.05507E-21  SB115
  490    51. 116.   1   1.18309E-20  SB116
  491    51. 117.   1   1.22816E-19  SB117
  492    51. 118.   1   7.63143E-19  SB118
  493    51. 119.   1   4.96784E-18  SB119
  494    51. 120.   1   1.91876E-17  SB120
  495    51. 121.   1   7.96383E-17  SB121
  496    51. 122.   1   2.07179E-16  SB122
  497    51. 123.   1   5.33354E-16  SB123
  498    51. 124.   1   9.16912E-16  SB124
  499    51. 125.   1   1.40807E-15  SB125
  500    51. 126.   1   1.63871E-15  SB126
  501    51. 127.   1   1.52272E-15  SB127
  502    51. 128.   1   1.14598E-15  SB128
  503    51. 129.   1   6.67075E-16  SB129
  504    51. 130.   1   2.95397E-16  SB130
  505    51. 131.   1   1.57928E-16  SB131
  506    51. 132.   1   3.74945E-17  SB132
  507    51. 133.   1   1.09240E-17  SB133
  508    52. 114.   1   4.64883E-28  TE114
  509    52. 115.   1   9.61460E-27  TE115
  510    52. 116.   1   3.14112E-25  TE116
  511    52. 117.   1   8.42608E-24  TE117
  512    52. 118.   1   1.02515E-22  TE118
  513    52. 119.   1   1.52128E-21  TE119
  514    52. 120.   1   1.12893E-20  TE120
  515    52. 121.   1   9.89568E-20  TE121
  516    52. 122.   1   4.59497E-19  TE122
  517    52. 123.   1   2.56757E-18  TE123
  518    52. 124.   1   6.93289E-18  TE124
  519    52. 125.   1   2.39285E-17  TE125
  520    52. 126.   1   3.92190E-17  TE126
  521    52. 127.   1   8.67379E-17  TE127
  522    52. 128.   1   8.18294E-17  TE128
  523    52. 129.   1   9.96879E-17  TE129
  524    52. 130.   1   7.33316E-17  TE130
  525    52. 131.   1   6.37638E-17  TE131
  526    52. 132.   1   2.87856E-17  TE132
  527    52. 133.   1   1.55604E-17  TE133
  528    52. 134.   1   5.10589E-18  TE134
  529    53. 117.   1   7.06764E-29  I 117
  530    53. 118.   1   2.75602E-27  I 118
  531    53. 119.   1   5.88146E-26  I 119
  532    53. 120.   1   1.02877E-24  I 120
  533    53. 121.   1   1.89317E-23  I 121
  534    53. 122.   1   1.95362E-22  I 122
  535    53. 123.   1   2.05453E-21  I 123
  536    53. 124.   1   1.17889E-20  I 124
  537    53. 125.   1   7.21168E-20  I 125
  538    53. 126.   1   2.42546E-19  I 126
  539    53. 127.   1   8.79612E-19  I 127
  540    53. 128.   1   1.79557E-18  I 128
  541    53. 129.   1   3.78541E-18  I 129
  542    53. 130.   1   5.06281E-18  I 130
  543    53. 131.   1   6.31562E-18  I 131
  544    53. 132.   1   5.43667E-18  I 132
  545    53. 133.   1   4.20293E-18  I 133
  546    53. 134.   1   3.05890E-18  I 134
  547    53. 135.   1   9.63984E-19  I 135
  548    54. 118.   1   1.09235E-32  XE118
  549    54. 119.   1   4.77400E-31  XE119
  550    54. 120.   1   2.38726E-29  XE120
  551    54. 121.   1   4.76516E-28  XE121
  552    54. 122.   1   1.48351E-26  XE122
  553    54. 123.   1   2.44777E-25  XE123
  554    54. 124.   1   2.83113E-24  XE124
  555    54. 125.   1   3.60446E-23  XE125
  556    54. 126.   1   2.30495E-22  XE126
  557    54. 127.   1   1.68000E-21  XE127
  558    54. 128.   1   6.22781E-21  XE128
  559    54. 129.   1   2.73900E-20  XE129
  560    54. 130.   1   5.91151E-20  XE130
  561    54. 131.   1   1.55032E-19  XE131
  562    54. 132.   1   1.89835E-19  XE132
  563    54. 133.   1   2.84440E-19  XE133
  564    54. 134.   1   2.65271E-19  XE134
  565    54. 135.   1   2.78738E-19  XE135
  566    54. 136.   1   1.19950E-19  XE136
  567    54. 137.   1   3.33844E-20  XE137
  568    54. 138.   1   4.62557E-21  XE138
  569    55. 123.   1   5.06180E-30  CS123
  570    55. 124.   1   9.74881E-29  CS124
  571    55. 125.   1   2.98181E-27  CS125
  572    55. 126.   1   3.25865E-26  CS126
  573    55. 127.   1   5.06242E-25  CS127
  574    55. 128.   1   3.32528E-24  CS128
  575    55. 129.   1   2.82481E-23  CS129
  576    55. 130.   1   1.15292E-22  CS130
  577    55. 131.   1   5.99525E-22  CS131
  578    55. 132.   1   1.55259E-21  CS132
  579    55. 133.   1   4.39638E-21  CS133
  580    55. 134.   1   7.36139E-21  CS134
  581    55. 135.   1   1.05218E-20  CS135
  582    55. 136.   1   1.21060E-20  CS136
  583    55. 137.   1   8.44338E-21  CS137
  584    55. 138.   1   2.57760E-21  CS138
  585    55. 139.   1   8.68227E-22  CS139
  586    56. 124.   1   9.85468E-34  BA124
  587    56. 125.   1   3.44417E-32  BA125
  588    56. 126.   1   9.94407E-31  BA126
  589    56. 127.   1   2.57191E-29  BA127
  590    56. 128.   1   3.37576E-28  BA128
  591    56. 129.   1   4.49990E-27  BA129
  592    56. 130.   1   4.21591E-26  BA130
  593    56. 131.   1   4.06822E-25  BA131
  594    56. 132.   1   1.88673E-24  BA132
  595    56. 133.   1   1.18646E-23  BA133
  596    56. 134.   1   3.21913E-23  BA134
  597    56. 135.   1   1.08056E-22  BA135
  598    56. 136.   1   1.57656E-22  BA136
  599    56. 137.   1   3.52488E-22  BA137
  600    56. 138.   1   2.60037E-22  BA138
  601    56. 139.   1   1.64552E-22  BA139
  602    56. 140.   1   5.18815E-23  BA140
  603    56. 141.   1   2.54531E-23  BA141
  604    56. 142.   1   4.01924E-24  BA142
  605    57. 127.   1   2.22719E-34  LA127
  606    57. 128.   1   4.27692E-33  LA128
  607    57. 129.   1   2.22108E-31  LA129
  608    57. 130.   1   2.40105E-30  LA130
  609    57. 131.   1   5.79352E-29  LA131
  610    57. 132.   1   4.22111E-28  LA132
  611    57. 133.   1   6.25866E-27  LA133
  612    57. 134.   1   2.70730E-26  LA134
  613    57. 135.   1   1.84574E-25  LA135
  614    57. 136.   1   6.04526E-25  LA136
  615    57. 137.   1   1.71580E-24  LA137
  616    57. 138.   1   3.79497E-24  LA138
  617    57. 139.   1   5.34893E-24  LA139
  618    57. 140.   1   4.22125E-24  LA140
  619    57. 141.   1   2.69320E-24  LA141
  620    57. 142.   1   1.29889E-24  LA142
  621    57. 143.   1   4.70301E-25  LA143
  622    58. 130.   1   4.34394E-35  CE130
  623    58. 131.   1   1.35572E-33  CE131
  624    58. 132.   1   2.65107E-32  CE132
  625    58. 133.   1   3.83072E-31  CE133
  626    58. 134.   1   5.44092E-30  CE134
  627    58. 135.   1   6.03481E-29  CE135
  628    58. 136.   1   3.53900E-28  CE136
  629    58. 137.   1   2.41143E-27  CE137
  630    58. 138.   1   6.93492E-27  CE138
  631    58. 139.   1   3.12952E-26  CE139
  632    58. 140.   1   4.55640E-26  CE140
  633    58. 141.   1   7.00628E-26  CE141
  634    58. 142.   1   4.77805E-26  CE142
  635    58. 143.   1   5.06220E-26  CE143
  636    58. 144.   1   1.52499E-26  CE144
  637    58. 145.   1   5.71445E-27  CE145
  638    58. 146.   1   1.29705E-27  CE146
  639    59. 133.   1   6.77506E-36  PR133
  640    59. 134.   1   1.26060E-34  PR134
  641    59. 135.   1   4.11603E-33  PR135
  642    59. 136.   1   4.02934E-32  PR136
  643    59. 137.   1   5.93627E-31  PR137
  644    59. 138.   1   3.69408E-30  PR138
  645    59. 139.   1   2.46460E-29  PR139
  646    59. 140.   1   1.02006E-28  PR140
  647    59. 141.   1   2.77940E-28  PR141
  648    59. 142.   1   4.86767E-28  PR142
  649    59. 143.   1   6.87698E-28  PR143
  650    59. 144.   1   6.16927E-28  PR144
  651    59. 145.   1   4.57680E-28  PR145
  652    59. 146.   1   1.48665E-28  PR146
  653    59. 147.   1   7.81539E-29  PR147
  654    59. 148.   1   2.17722E-29  PR148
  655    59. 149.   1   8.08028E-30  PR149
  656    60. 134.   1   1.18934E-39  ND134
  657    60. 135.   1   3.89430E-38  ND135
  658    60. 136.   1   1.12157E-36  ND136
  659    60. 137.   1   2.72318E-35  ND137
  660    60. 138.   1   3.79315E-34  ND138
  661    60. 139.   1   4.76890E-33  ND139
  662    60. 140.   1   2.01382E-32  ND140
  663    60. 141.   1   2.54524E-31  ND141
  664    60. 142.   1   6.96184E-31  ND142
  665    60. 143.   1   2.34542E-30  ND143
  666    60. 144.   1   3.44639E-30  ND144
  667    60. 145.   1   6.95657E-30  ND145
  668    60. 146.   1   4.87186E-30  ND146
  669    60. 147.   1   3.53856E-30  ND147
  670    60. 148.   1   1.51604E-30  ND148
  671    60. 149.   1   8.65209E-31  ND149
  672    60. 150.   1   3.27797E-31  ND150
  673    60. 151.   1   1.75066E-31  ND151
  674    60. 152.   1   6.55876E-32  ND152
  675    61. 137.   1   1.53616E-40  PM137
  676    61. 138.   1   3.92965E-39  PM138
  677    61. 139.   1   1.26254E-37  PM139
  678    61. 140.   1   1.41304E-36  PM140
  679    61. 141.   1   3.12935E-35  PM141
  680    61. 142.   1   2.49911E-34  PM142
  681    61. 143.   1   1.37790E-33  PM143
  682    61. 144.   1   4.97197E-33  PM144
  683    61. 145.   1   1.47746E-32  PM145
  684    61. 146.   1   2.75202E-32  PM146
  685    61. 147.   1   4.05764E-32  PM147
  686    61. 148.   1   2.50028E-32  PM148
  687    61. 149.   1   2.44146E-32  PM149
  688    61. 150.   1   1.28398E-32  PM150
  689    61. 151.   1   1.13957E-32  PM151
  690    61. 152.   1   6.54702E-33  PM152
  691    61. 153.   1   5.99579E-33  PM153
  692    61. 154.   1   3.06354E-33  PM154
  693    62. 140.   1   3.24044E-41  SM140
  694    62. 141.   1   6.31985E-40  SM141
  695    62. 142.   1   8.17888E-39  SM142
  696    62. 143.   1   1.80910E-37  SM143
  697    62. 144.   1   9.89117E-37  SM144
  698    62. 145.   1   7.40646E-36  SM145
  699    62. 146.   1   2.18884E-35  SM146
  700    62. 147.   1   8.15836E-35  SM147
  701    62. 148.   1   1.17935E-34  SM148
  702    62. 149.   1   1.80319E-34  SM149
  703    62. 150.   1   1.40132E-34  SM150
  704    62. 151.   1   1.81536E-34  SM151
  705    62. 152.   1   1.57906E-34  SM152
  706    62. 153.   1   1.97555E-34  SM153
  707    62. 154.   1   1.60271E-34  SM154
  708    62. 155.   1   1.41753E-34  SM155
  709    62. 156.   1   4.94791E-35  SM156
  710    62. 157.   1   3.17897E-35  SM157
  711    62. 158.   1   6.56369E-36  SM158
  712    63. 143.   1   2.24707E-42  EU143
  713    63. 144.   1   4.87163E-41  EU144
  714    63. 145.   1   6.57885E-40  EU145
  715    63. 146.   1   4.93627E-39  EU146
  716    63. 147.   1   2.76742E-38  EU147
  717    63. 148.   1   1.04507E-37  EU148
  718    63. 149.   1   2.66718E-37  EU149
  719    63. 150.   1   3.71085E-37  EU150
  720    63. 151.   1   7.25522E-37  EU151
  721    63. 152.   1   8.20207E-37  EU152
  722    63. 153.   1   1.59224E-36  EU153
  723    63. 154.   1   1.94870E-36  EU154
  724    63. 155.   1   3.30672E-36  EU155
  725    63. 156.   1   2.85280E-36  EU156
  726    63. 157.   1   2.90176E-36  EU157
  727    63. 158.   1   1.38417E-36  EU158
  728    63. 159.   1   9.22638E-37  EU159
  729    64. 144.   1   4.50712E-46  GD144
  730    64. 145.   1   9.78273E-45  GD145
  731    64. 146.   1   1.14664E-43  GD146
  732    64. 147.   1   2.00214E-42  GD147
  733    64. 148.   1   1.08463E-41  GD148
  734    64. 149.   1   8.32381E-41  GD149
  735    64. 150.   1   2.25530E-40  GD150
  736    64. 151.   1   7.48312E-40  GD151
  737    64. 152.   1   1.26113E-39  GD152
  738    64. 153.   1   3.55450E-39  GD153
  739    64. 154.   1   6.77250E-39  GD154
  740    64. 155.   1   1.69240E-38  GD155
  741    64. 156.   1   2.75034E-38  GD156
  742    64. 157.   1   4.83876E-38  GD157
  743    64. 158.   1   4.83105E-38  GD158
  744    64. 159.   1   4.63287E-38  GD159
  745    64. 160.   1   2.83118E-38  GD160
  746    64. 161.   1   1.90191E-38  GD161
  747    64. 162.   1   4.54729E-39  GD162
  748    65. 147.   1   2.06466E-47  TB147
  749    65. 148.   1   3.01498E-46  TB148
  750    65. 149.   1   4.03961E-45  TB149
  751    65. 150.   1   2.26375E-44  TB150
  752    65. 151.   1   1.58794E-43  TB151
  753    65. 152.   1   4.28711E-43  TB152
  754    65. 153.   1   1.88408E-42  TB153
  755    65. 154.   1   4.86912E-42  TB154
  756    65. 155.   1   1.86576E-41  TB155
  757    65. 156.   1   4.65354E-41  TB156
  758    65. 157.   1   1.47883E-40  TB157
  759    65. 158.   1   2.52566E-40  TB158
  760    65. 159.   1   4.99685E-40  TB159
  761    65. 160.   1   4.97212E-40  TB160
  762    65. 161.   1   6.46184E-40  TB161
  763    65. 162.   1   3.83413E-40  TB162
  764    65. 163.   1   2.74995E-40  TB163
  765    65. 164.   1   1.01076E-40  TB164
  766    65. 165.   1   4.35468E-41  TB165
  767    66. 148.   1   9.11938E-52  DY148
  768    66. 149.   1   4.19474E-50  DY149
  769    66. 150.   1   3.44085E-49  DY150
  770    66. 151.   1   6.24259E-48  DY151
  771    66. 152.   1   3.41615E-47  DY152
  772    66. 153.   1   2.62986E-46  DY153
  773    66. 154.   1   1.00806E-45  DY154
  774    66. 155.   1   7.30274E-45  DY155
  775    66. 156.   1   2.23090E-44  DY156
  776    66. 157.   1   1.03852E-43  DY157
  777    66. 158.   1   3.16123E-43  DY158
  778    66. 159.   1   1.02328E-42  DY159
  779    66. 160.   1   2.01762E-42  DY160
  780    66. 161.   1   4.07153E-42  DY161
  781    66. 162.   1   5.03094E-42  DY162
  782    66. 163.   1   6.85192E-42  DY163
  783    66. 164.   1   4.78257E-42  DY164
  784    66. 165.   1   3.22466E-42  DY165
  785    66. 166.   1   1.06135E-42  DY166
  786    66. 167.   1   5.53853E-43  DY167
  787    66. 168.   1   1.28139E-43  DY168
  788    67. 153.   1   7.55120E-51  HO153
  789    67. 154.   1   5.17111E-50  HO154
  790    67. 155.   1   6.13077E-49  HO155
  791    67. 156.   1   9.57284E-49  HO156
  792    67. 157.   1   1.56713E-47  HO157
  793    67. 158.   1   7.94587E-47  HO158
  794    67. 159.   1   4.34223E-46  HO159
  795    67. 160.   1   1.38694E-45  HO160
  796    67. 161.   1   5.08902E-45  HO161
  797    67. 162.   1   1.00083E-44  HO162
  798    67. 163.   1   2.48726E-44  HO163
  799    67. 164.   1   3.23342E-44  HO164
  800    67. 165.   1   4.90392E-44  HO165
  801    67. 166.   1   3.48384E-44  HO166
  802    67. 167.   1   3.04360E-44  HO167
  803    67. 168.   1   1.20277E-44  HO168
  804    67. 169.   1   6.74453E-45  HO169
  805    68. 154.   1   5.52409E-55  ER154
  806    68. 155.   1   1.10931E-53  ER155
  807    68. 156.   1   6.35168E-53  ER156
  808    68. 157.   1   7.91439E-52  ER157
  809    68. 158.   1   1.95888E-50  ER158
  810    68. 159.   1   4.00980E-50  ER159
  811    68. 160.   1   2.82279E-49  ER160
  812    68. 161.   1   1.65084E-48  ER161
  813    68. 162.   1   5.63828E-48  ER162
  814    68. 163.   1   2.17720E-47  ER163
  815    68. 164.   1   4.92908E-47  ER164
  816    68. 165.   1   1.23227E-46  ER165
  817    68. 166.   1   1.92411E-46  ER166
  818    68. 167.   1   2.84171E-46  ER167
  819    68. 168.   1   2.52922E-46  ER168
  820    68. 169.   1   2.14390E-46  ER169
  821    68. 170.   1   1.18455E-46  ER170
  822    68. 171.   1   6.51030E-47  ER171
  823    68. 172.   1   1.92559E-47  ER172
  824    68. 173.   1   8.48867E-48  ER173
  825    68. 174.   1   1.41260E-48  ER174
  826    68. 175.   1   3.63377E-49  ER175
  827    69. 159.   1   1.52918E-54  TM159
  828    69. 160.   1   1.86321E-53  TM160
  829    69. 161.   1   1.15095E-52  TM161
  830    69. 162.   1   6.64245E-52  TM162
  831    69. 163.   1   4.79613E-51  TM163
  832    69. 164.   1   1.34198E-50  TM164
  833    69. 165.   1   6.85188E-50  TM165
  834    69. 166.   1   1.61280E-49  TM166
  835    69. 167.   1   4.71867E-49  TM167
  836    69. 168.   1   7.01175E-49  TM168
  837    69. 169.   1   1.32148E-48  TM169
  838    69. 170.   1   1.10601E-48  TM170
  839    69. 171.   1   1.34439E-48  TM171
  840    69. 172.   1   7.36804E-49  TM172
  841    69. 173.   1   5.72907E-49  TM173
  842    69. 174.   1   2.41389E-49  TM174
  843    69. 175.   1   8.62875E-50  TM175
  844    69. 176.   1   1.46170E-50  TM176
  845    70. 160.   1   2.62355E-58  YB160
  846    70. 161.   1   3.52779E-57  YB161
  847    70. 162.   1   3.48183E-56  YB162
  848    70. 163.   1   2.74087E-55  YB163
  849    70. 164.   1   1.86985E-54  YB164
  850    70. 165.   1   1.19106E-53  YB165
  851    70. 166.   1   4.12819E-53  YB166
  852    70. 167.   1   2.06148E-52  YB167
  853    70. 168.   1   5.44862E-52  YB168
  854    70. 169.   1   1.59514E-51  YB169
  855    70. 170.   1   2.74032E-51  YB170
  856    70. 171.   1   5.00316E-51  YB171
  857    70. 172.   1   5.78889E-51  YB172
  858    70. 173.   1   6.83455E-51  YB173
  859    70. 174.   1   5.11541E-51  YB174
  860    70. 175.   1   3.14699E-51  YB175
  861    70. 176.   1   1.32708E-51  YB176
  862    70. 177.   1   5.14345E-52  YB177
  863    70. 178.   1   1.42661E-52  YB178
  864    70. 179.   1   3.94337E-53  YB179
  865    70. 180.   1   5.16295E-54  YB180
  866    71. 165.   1   4.10963E-58  LU165
  867    71. 166.   1   1.89324E-57  LU166
  868    71. 167.   1   2.14465E-56  LU167
  869    71. 168.   1   8.55215E-56  LU168
  870    71. 169.   1   4.70869E-55  LU169
  871    71. 170.   1   1.27944E-54  LU170
  872    71. 171.   1   4.26342E-54  LU171
  873    71. 172.   1   6.85815E-54  LU172
  874    71. 173.   1   1.66953E-53  LU173
  875    71. 174.   1   1.79479E-53  LU174
  876    71. 175.   1   2.72249E-53  LU175
  877    71. 176.   1   1.65568E-53  LU176
  878    71. 177.   1   1.32681E-53  LU177
  879    71. 178.   1   5.25212E-54  LU178
  880    71. 179.   1   3.54288E-54  LU179
  881    71. 180.   1   1.24222E-54  LU180
  882    71. 181.   1   3.28189E-55  LU181
  883    71. 182.   1   6.86593E-56  LU182
  884    72. 166.   1   7.28478E-62  HF166
  885    72. 167.   1   6.71282E-61  HF167
  886    72. 168.   1   5.33240E-60  HF168
  887    72. 169.   1   3.77827E-59  HF169
  888    72. 170.   1   1.94913E-58  HF170
  889    72. 171.   1   9.92146E-58  HF171
  890    72. 172.   1   2.85776E-57  HF172
  891    72. 173.   1   1.12010E-56  HF173
  892    72. 174.   1   1.76539E-56  HF174
  893    72. 175.   1   4.22023E-56  HF175
  894    72. 176.   1   5.70610E-56  HF176
  895    72. 177.   1   7.51244E-56  HF177
  896    72. 178.   1   5.91982E-56  HF178
  897    72. 179.   1   5.30158E-56  HF179
  898    72. 180.   1   3.19340E-56  HF180
  899    72. 181.   1   1.93683E-56  HF181
  900    72. 182.   1   4.77944E-57  HF182
  901    72. 183.   1   2.33721E-57  HF183
  902    72. 184.   1   3.57780E-58  HF184
  903    72. 185.   1   1.38275E-58  HF185
  904    73. 169.   1   6.55275E-64  TA169
  905    73. 170.   1   4.23024E-63  TA170
  906    73. 171.   1   4.55070E-62  TA171
  907    73. 172.   1   2.04122E-61  TA172
  908    73. 173.   1   1.29570E-60  TA173
  909    73. 174.   1   4.14145E-60  TA174
  910    73. 175.   1   1.67095E-59  TA175
  911    73. 176.   1   2.74988E-59  TA176
  912    73. 177.   1   9.60467E-59  TA177
  913    73. 178.   1   1.14979E-58  TA178
  914    73. 179.   1   2.06640E-58  TA179
  915    73. 180.   1   1.81879E-58  TA180
  916    73. 181.   1   2.30736E-58  TA181
  917    73. 182.   1   1.27978E-58  TA182
  918    73. 183.   1   9.08876E-59  TA183
  919    73. 184.   1   2.88903E-59  TA184
  920    73. 185.   1   1.32983E-59  TA185
  921    73. 186.   1   2.98728E-60  TA186
  922    74. 172.   1   7.54324E-66  W 172
  923    74. 173.   1   7.33098E-65  W 173
  924    74. 174.   1   3.92555E-64  W 174
  925    74. 175.   1   2.95884E-63  W 175
  926    74. 176.   1   7.95515E-63  W 176
  927    74. 177.   1   3.54084E-62  W 177
  928    74. 178.   1   7.51214E-62  W 178
  929    74. 179.   1   2.08059E-61  W 179
  930    74. 180.   1   3.38836E-61  W 180
  931    74. 181.   1   6.30285E-61  W 181
  932    74. 182.   1   8.03254E-61  W 182
  933    74. 183.   1   8.66081E-61  W 183
  934    74. 184.   1   5.83068E-61  W 184
  935    74. 185.   1   3.95379E-61  W 185
  936    74. 186.   1   1.71297E-61  W 186
  937    74. 187.   1   7.71005E-62  W 187
  938    74. 188.   1   2.38168E-62  W 188
  939    74. 189.   1   5.70746E-63  W 189
  940    74. 190.   1   2.53832E-63  W 190
  941    75. 175.   1   5.19400E-68  RE175
  942    75. 176.   1   2.55935E-67  RE176
  943    75. 177.   1   2.02540E-66  RE177
  944    75. 178.   1   6.27143E-66  RE178
  945    75. 179.   1   3.27115E-65  RE179
  946    75. 180.   1   8.87631E-65  RE180
  947    75. 181.   1   3.08905E-64  RE181
  948    75. 182.   1   5.43209E-64  RE182
  949    75. 183.   1   1.30008E-63  RE183
  950    75. 184.   1   1.53391E-63  RE184
  951    75. 185.   1   2.16623E-63  RE185
  952    75. 186.   1   1.43793E-63  RE186
  953    75. 187.   1   1.46409E-63  RE187
  954    75. 188.   1   6.15921E-64  RE188
  955    75. 189.   1   4.66861E-64  RE189
  956    75. 190.   1   1.35005E-64  RE190
  957    75. 191.   1   6.90049E-65  RE191
  958    76. 179.   1   2.58911E-69  OS179
  959    76. 180.   1   8.89731E-69  OS180
  960    76. 181.   1   5.03881E-68  OS181
  961    76. 182.   1   1.34314E-67  OS182
  962    76. 183.   1   5.63167E-67  OS183
  963    76. 184.   1   9.45676E-67  OS184
  964    76. 185.   1   2.40254E-66  OS185
  965    76. 186.   1   3.43088E-66  OS186
  966    76. 187.   1   5.10260E-66  OS187
  967    76. 188.   1   5.17871E-66  OS188
  968    76. 189.   1   5.28736E-66  OS189
  969    76. 190.   1   3.70733E-66  OS190
  970    76. 191.   1   2.55886E-66  OS191
  971    76. 192.   1   1.08878E-66  OS192
  972    76. 193.   1   5.27632E-67  OS193
  973    76. 194.   1   1.75947E-67  OS194
  974    76. 195.   1   7.23341E-68  OS195
  975    76. 196.   1   2.37813E-68  OS196
  976    77. 181.   1   1.39543E-72  IR181
  977    77. 182.   1   8.71247E-72  IR182
  978    77. 183.   1   4.15929E-71  IR183
  979    77. 184.   1   1.55037E-70  IR184
  980    77. 185.   1   4.68857E-70  IR185
  981    77. 186.   1   8.65393E-70  IR186
  982    77. 187.   1   4.04804E-69  IR187
  983    77. 188.   1   6.60410E-69  IR188
  984    77. 189.   1   1.37979E-68  IR189
  985    77. 190.   1   1.29297E-68  IR190
  986    77. 191.   1   1.73358E-68  IR191
  987    77. 192.   1   1.18213E-68  IR192
  988    77. 193.   1   1.12812E-68  IR193
  989    77. 194.   1   5.32893E-69  IR194
  990    77. 195.   1   3.51054E-69  IR195
  991    77. 196.   1   1.16813E-69  IR196
  992    77. 197.   1   7.84380E-70  IR197
  993    78. 184.   1   7.03751E-75  PT184
  994    78. 185.   1   4.42186E-74  PT185
  995    78. 186.   1   1.95268E-73  PT186
  996    78. 187.   1   4.77318E-73  PT187
  997    78. 188.   1   7.62032E-72  PT188
  998    78. 189.   1   1.15575E-71  PT189
  999    78. 190.   1   1.79398E-71  PT190
 1000    78. 191.   1   4.06873E-71  PT191
 1001    78. 192.   1   4.37916E-71  PT192
 1002    78. 193.   1   7.26170E-71  PT193
 1003    78. 194.   1   5.28166E-71  PT194
 1004    78. 195.   1   5.56234E-71  PT195
 1005    78. 196.   1   2.70183E-71  PT196
 1006    78. 197.   1   2.15628E-71  PT197
 1007    78. 198.   1   7.12867E-72  PT198
 1008    78. 199.   1   2.30985E-72  PT199
 1009    78. 200.   1   6.97138E-73  PT200
 1010    78. 201.   1   1.60678E-73  PT201
 1011    78. 202.   1   3.49104E-74  PT202
 1012    79. 185.   1   1.08525E-78  AU185
 1013    79. 186.   1   6.77311E-78  AU186
 1014    79. 187.   1   4.47285E-77  AU187
 1015    79. 188.   1   1.59811E-76  AU188
 1016    79. 189.   1   7.56945E-76  AU189
 1017    79. 190.   1   2.53180E-75  AU190
 1018    79. 191.   1   9.41935E-75  AU191
 1019    79. 192.   1   1.99634E-74  AU192
 1020    79. 193.   1   5.11606E-74  AU193
 1021    79. 194.   1   6.89274E-74  AU194
 1022    79. 195.   1   1.22150E-73  AU195
 1023    79. 196.   1   1.14305E-73  AU196
 1024    79. 197.   1   1.32065E-73  AU197
 1025    79. 198.   1   8.45913E-74  AU198
 1026    79. 199.   1   7.34179E-74  AU199
 1027    79. 200.   1   2.23761E-74  AU200
 1028    79. 201.   1   1.45786E-74  AU201
 1029    79. 202.   1   3.28883E-75  AU202
 1030    79. 203.   1   1.63272E-75  AU203
 1031    80. 189.   1   2.86578E-80  HG189
 1032    80. 190.   1   1.57458E-79  HG190
 1033    80. 191.   1   8.43152E-79  HG191
 1034    80. 192.   1   3.02936E-78  HG192
 1035    80. 193.   1   1.21764E-77  HG193
 1036    80. 194.   1   3.12334E-77  HG194
 1037    80. 195.   1   8.55100E-77  HG195
 1038    80. 196.   1   1.12003E-76  HG196
 1039    80. 197.   1   2.41035E-76  HG197
 1040    80. 198.   1   2.49952E-76  HG198
 1041    80. 199.   1   3.34470E-76  HG199
 1042    80. 200.   1   2.32813E-76  HG200
 1043    80. 201.   1   2.03027E-76  HG201
 1044    80. 202.   1   9.31266E-77  HG202
 1045    80. 203.   1   5.79503E-77  HG203
 1046    80. 204.   1   1.85367E-77  HG204
 1047    80. 205.   1   4.81662E-78  HG205
 1048    80. 206.   1   7.87120E-79  HG206
 1049    80. 207.   1   1.25448E-79  HG207
 1050    80. 208.   1   7.58492E-81  HG208
 1051    81. 192.   1   6.45503E-83  TL192
 1052    81. 193.   1   4.07567E-82  TL193
 1053    81. 194.   1   1.60247E-81  TL194
 1054    81. 195.   1   7.09080E-81  TL195
 1055    81. 196.   1   1.77918E-80  TL196
 1056    81. 197.   1   5.59575E-80  TL197
 1057    81. 198.   1   1.04343E-79  TL198
 1058    81. 199.   1   2.17226E-79  TL199
 1059    81. 200.   1   2.73248E-79  TL200
 1060    81. 201.   1   4.17200E-79  TL201
 1061    81. 202.   1   2.84211E-79  TL202
 1062    81. 203.   1   3.28756E-79  TL203
 1063    81. 204.   1   1.73437E-79  TL204
 1064    81. 205.   1   1.44867E-79  TL205
 1065    81. 206.   1   4.37796E-80  TL206
 1066    81. 207.   1   1.55061E-80  TL207
 1067    81. 208.   1   2.59556E-81  TL208
 1068    81. 209.   1   3.38740E-82  TL209
 1069    81. 210.   1   5.26155E-83  TL210
 1070    82. 193.   1   4.86936E-87  PB193
 1071    82. 194.   1   2.45881E-86  PB194
 1072    82. 195.   1   2.02747E-85  PB195
 1073    82. 196.   1   6.89360E-85  PB196
 1074    82. 197.   1   4.32935E-84  PB197
 1075    82. 198.   1   9.94083E-84  PB198
 1076    82. 199.   1   4.23713E-83  PB199
 1077    82. 200.   1   8.62813E-83  PB200
 1078    82. 201.   1   2.03546E-82  PB201
 1079    82. 202.   1   2.80184E-82  PB202
 1080    82. 203.   1   4.51234E-82  PB203
 1081    82. 204.   1   4.01133E-82  PB204
 1082    82. 205.   1   4.39062E-82  PB205
 1083    82. 208.   1   8.29203E-83  PB208
 1084    82. 209.   1   2.91882E-83  PB209
 1085    82. 210.   1   3.67860E-84  PB210
 1086    82. 211.   1   7.96390E-85  PB211
 1087    83. 202.   1   6.31776E-86  BI202
 1088    83. 203.   1   1.68814E-85  BI203
 1089    83. 204.   1   2.41014E-85  BI204
 1090    83. 205.   1   4.38305E-85  BI205
 1091    83. 206.   1   4.26147E-85  BI206
 1092    83. 207.   1   5.73230E-85  BI207
 1093    83. 208.   1   3.83022E-85  BI208
 1094    83. 209.   1   2.47734E-85  BI209
 1095    83. 210.   1   7.16265E-86  BI210
 1096    13.  26.   2   4.44529E-11  AL*26
 1097    36.  85.   2   2.33633E-47  KR*85
 1098    48. 115.   2   5.25455E-62  CD*15
 1099    71. 176.   2   1.69444E-86  LU*76
 1100    73. 180.   2   2.79420E-89  TAg80
