H NUM     Z    A ISOM  ABUNDANCE_MF  ISOTP
 # mod      261 dzeit  1.02E-01 agej  9.6715E+02
 # t9 =    1.475E+00 rho =    1.539E+07
 # densn  2.84078E+08
 # densp  3.13570E+11
 # densa  3.23728E+15
 # total_energy_flux_[erg/(g*s)]  0.00000E+00
    1     0.   1.   1   3.06454E-23  NEUT 
    2     1.   1.   1   3.38269E-20  PROT 
    3     1.   2.   1   1.00000E-99  H   2
    4     2.   3.   1   1.06950E-25  HE  3
    5     2.   4.   1   1.39691E-15  HE  4
    6     4.   7.   1   1.00000E-99  BE  7
    7     5.   8.   1   1.00000E-99  B   8
    8     3.   7.   1   1.00000E-99  LI  7
    9     6.  11.   1   5.44734E-18  C  11
   10     5.  11.   1   3.43252E-09  B  11
   11     6.  12.   1   1.50542E-13  C  12
   12     6.  13.   1   1.61032E-16  C  13
   13     7.  13.   1   1.00000E-99  N  13
   14     7.  14.   1   7.28753E-12  N  14
   15     6.  14.   1   3.33647E-13  C  14
   16     7.  15.   1   4.44741E-13  N  15
   17     8.  16.   1   7.21607E-01  O  16
   18     8.  17.   1   8.45839E-12  O  17
   19     8.  18.   1   1.25160E-12  O  18
   20     9.  17.   1   9.33432E-21  F  17
   21     9.  18.   1   1.39679E-17  F  18
   22     9.  19.   1   2.28743E-17  F  19
   23    10.  20.   1   8.58943E-04  NE 20
   24    10.  21.   1   4.51005E-07  NE 21
   25    10.  22.   1   2.62978E-08  NE 22
   26    11.  22.   1   7.26531E-12  NA 22
   27    11.  23.   1   7.59155E-08  NA 23
   28    12.  23.   1   4.28945E-20  MG 23
   29    12.  24.   1   9.38599E-02  MG 24
   30    12.  25.   1   1.02606E-02  MG 25
   31    12.  26.   1   3.27465E-03  MG 26
   32    13.  26.   1   4.14523E-09  AL 26
   33    13.  27.   1   1.76126E-03  AL 27
   34    14.  27.   1   2.16631E-17  SI 27
   35    14.  28.   1   1.12815E-01  SI 28
   36    14.  29.   1   2.12345E-02  SI 29
   37    14.  30.   1   9.91322E-03  SI 30
   38    15.  31.   1   1.41544E-02  P  31
   39    16.  31.   1   4.50825E-11  S  31
   46     4.   8.   1   1.00000E-99  BE  8
   47     8.  14.   1   1.00000E-99  O  14
   48     8.  15.   1   1.54262E-19  O  15
   49    11.  21.   1   1.40080E-17  NA 21
   50    13.  25.   1   6.40396E-16  AL 25
   51    15.  29.   1   1.09126E-14  P  29
   52    15.  30.   1   1.66789E-09  P  30
   58     9.  20.   1   5.91570E-26  F  20
   59    10.  19.   1   2.00764E-26  NE 19
   60    11.  24.   1   3.70437E-14  NA 24
   61    12.  27.   1   2.84632E-10  MG 27
   62    12.  28.   1   2.89938E-14  MG 28
   63    13.  28.   1   4.44305E-10  AL 28
   64    13.  29.   1   1.37614E-13  AL 29
   65    14.  31.   1   1.56698E-06  SI 31
   66    14.  32.   1   1.18080E-05  SI 32
   67    15.  32.   1   5.30594E-06  P  32
   68    15.  33.   1   7.92109E-04  P  33
   69    15.  34.   1   2.39691E-12  P  34
   70    15.  35.   1   7.75833E-19  P  35
   71    16.  32.   1   7.01632E-03  S  32
   72    16.  33.   1   6.22571E-06  S  33
   73    16.  34.   1   5.74885E-04  S  34
   74    16.  35.   1   6.28730E-05  S  35
   75    16.  36.   1   1.84976E-05  S  36
   76    16.  37.   1   1.22545E-15  S  37
   77    16.  38.   1   2.59843E-20  S  38
   78    17.  34.   1   2.17323E-15  CL 34
   79    17.  35.   1   8.02996E-08  CL 35
   80    17.  36.   1   3.83856E-07  CL 36
   81    17.  37.   1   2.58606E-05  CL 37
   82    17.  38.   1   1.81546E-11  CL 38
   83    17.  39.   1   5.25374E-17  CL 39
   84    17.  40.   1   9.34833E-25  CL 40
   85    18.  35.   1   2.21631E-24  AR 35
   86    18.  36.   1   1.23194E-05  AR 36
   87    18.  37.   1   7.00396E-11  AR 37
   88    18.  38.   1   6.07469E-05  AR 38
   89    18.  39.   1   2.07966E-07  AR 39
   90    18.  40.   1   4.20848E-06  AR 40
   91    18.  41.   1   1.73587E-11  AR 41
   92    18.  42.   1   1.92145E-09  AR 42
   93    18.  43.   1   1.78345E-16  AR 43
   94    18.  44.   1   6.96325E-23  AR 44
   95    19.  38.   1   6.77961E-20  K  38
   96    19.  39.   1   5.44266E-06  K  39
   97    19.  40.   1   7.61569E-07  K  40
   98    19.  41.   1   2.37617E-06  K  41
   99    19.  42.   1   5.40618E-10  K  42
  100    19.  43.   1   3.50008E-12  K  43
  101    19.  44.   1   1.89316E-18  K  44
  102    19.  45.   1   4.07054E-21  K  45
  103    19.  46.   1   1.00000E-99  K  46
  104    20.  39.   1   1.00000E-99  CA 39
  105    20.  40.   1   1.21779E-05  CA 40
  106    20.  41.   1   1.37259E-08  CA 41
  107    20.  42.   1   3.51313E-06  CA 42
  108    20.  43.   1   1.48872E-06  CA 43
  109    20.  44.   1   5.38142E-06  CA 44
  110    20.  45.   1   2.25386E-06  CA 45
  111    20.  46.   1   1.84007E-06  CA 46
  112    20.  47.   1   8.29030E-10  CA 47
  113    20.  48.   1   1.22984E-07  CA 48
  114    20.  49.   1   2.21359E-15  CA 49
  115    21.  43.   1   4.35877E-13  SC 43
  116    21.  44.   1   8.81691E-13  SC 44
  117    21.  45.   1   6.87097E-09  SC 45
  118    21.  46.   1   1.84112E-11  SC 46
  119    21.  47.   1   3.50186E-07  SC 47
  120    21.  48.   1   7.05737E-11  SC 48
  121    21.  49.   1   3.95469E-13  SC 49
  122    21.  50.   1   6.31468E-21  SC 50
  123    22.  44.   1   1.75448E-14  TI 44
  124    22.  45.   1   3.52461E-19  TI 45
  125    22.  46.   1   1.19113E-07  TI 46
  126    22.  47.   1   1.06395E-07  TI 47
  127    22.  48.   1   4.61446E-07  TI 48
  128    22.  49.   1   4.79699E-07  TI 49
  129    22.  50.   1   2.67367E-06  TI 50
  130    22.  51.   1   5.35612E-13  TI 51
  131    22.  52.   1   3.99368E-20  TI 52
  132    23.  47.   1   2.86785E-15  V  47
  133    23.  48.   1   1.23996E-14  V  48
  134    23.  49.   1   1.18183E-11  V  49
  135    23.  50.   1   2.50864E-11  V  50
  136    23.  51.   1   3.59498E-07  V  51
  137    23.  52.   1   3.04938E-13  V  52
  138    23.  53.   1   2.50458E-18  V  53
  139    24.  48.   1   1.84398E-23  CR 48
  140    24.  49.   1   2.51787E-22  CR 49
  141    24.  50.   1   9.33130E-10  CR 50
  142    24.  51.   1   1.49937E-13  CR 51
  143    24.  52.   1   1.54712E-06  CR 52
  144    24.  53.   1   6.62772E-07  CR 53
  145    24.  54.   1   5.89490E-06  CR 54
  146    24.  55.   1   1.44898E-12  CR 55
  147    24.  56.   1   3.26338E-18  CR 56
  148    25.  51.   1   1.26615E-17  MN 51
  149    25.  52.   1   1.52554E-20  MN 52
  150    25.  53.   1   3.96969E-11  MN 53
  151    25.  54.   1   1.15509E-11  MN 54
  152    25.  55.   1   2.02297E-06  MN 55
  153    25.  56.   1   1.77217E-12  MN 56
  154    25.  57.   1   2.04463E-14  MN 57
  155    26.  52.   1   2.40552E-26  FE 52
  156    26.  53.   1   1.06941E-26  FE 53
  157    26.  54.   1   3.91092E-08  FE 54
  158    26.  55.   1   4.12912E-11  FE 55
  159    26.  56.   1   4.72361E-05  FE 56
  160    26.  57.   1   2.47376E-05  FE 57
  161    26.  58.   1   3.23607E-04  FE 58
  162    26.  59.   1   8.51353E-08  FE 59
  163    26.  60.   1   8.35774E-06  FE 60
  164    26.  61.   1   7.04067E-13  FE 61
  165    27.  55.   1   6.94141E-16  CO 55
  166    27.  56.   1   5.45690E-18  CO 56
  167    27.  57.   1   1.29390E-10  CO 57
  168    27.  58.   1   3.87854E-11  CO 58
  169    27.  59.   1   1.45894E-04  CO 59
  170    27.  60.   1   8.46603E-09  CO 60
  171    27.  61.   1   3.51106E-08  CO 61
  172    27.  62.   1   7.08780E-15  CO 62
  173    27.  63.   1   4.29143E-19  CO 63
  174    28.  56.   1   8.87744E-25  NI 56
  175    28.  57.   1   6.23896E-25  NI 57
  176    28.  58.   1   6.17718E-10  NI 58
  177    28.  59.   1   9.13555E-12  NI 59
  178    28.  60.   1   1.15197E-04  NI 60
  179    28.  61.   1   4.75040E-05  NI 61
  180    28.  62.   1   5.70668E-04  NI 62
  181    28.  63.   1   3.29586E-06  NI 63
  182    28.  64.   1   1.66112E-04  NI 64
  183    28.  65.   1   2.45874E-10  NI 65
  184    28.  66.   1   6.12987E-14  NI 66
  185    28.  67.   1   4.20853E-22  NI 67
  186    28.  68.   1   1.00000E-99  NI 68
  187    29.  60.   1   4.73549E-21  CU 60
  188    29.  61.   1   1.86132E-13  CU 61
  189    29.  62.   1   1.97933E-13  CU 62
  190    29.  63.   1   8.25616E-09  CU 63
  191    29.  64.   1   3.76476E-13  CU 64
  192    29.  65.   1   2.68185E-05  CU 65
  193    29.  66.   1   3.77122E-11  CU 66
  194    29.  67.   1   9.98648E-14  CU 67
  195    29.  68.   1   6.17143E-20  CU 68
  196    29.  69.   1   2.97459E-25  CU 69
  197    29.  70.   1   1.00000E-99  CU 70
  198    29.  71.   1   1.00000E-99  CU 71
  199    30.  62.   1   2.37662E-22  ZN 62
  200    30.  63.   1   4.82988E-22  ZN 63
  201    30.  64.   1   3.52074E-14  ZN 64
  202    30.  65.   1   6.18085E-13  ZN 65
  203    30.  66.   1   3.55208E-05  ZN 66
  204    30.  67.   1   2.73199E-06  ZN 67
  205    30.  68.   1   4.45934E-05  ZN 68
  206    30.  69.   1   3.97292E-10  ZN 69
  207    30.  70.   1   6.04712E-07  ZN 70
  208    30.  71.   1   4.62582E-13  ZN 71
  209    30.  72.   1   2.32686E-16  ZN 72
  210    30.  73.   1   3.66767E-24  ZN 73
  211    30.  74.   1   1.00000E-99  ZN 74
  212    31.  65.   1   1.83798E-23  GA 65
  213    31.  66.   1   1.67627E-19  GA 66
  214    31.  67.   1   8.39232E-11  GA 67
  215    31.  68.   1   1.06053E-13  GA 68
  216    31.  69.   1   4.85160E-06  GA 69
  217    31.  70.   1   9.93947E-11  GA 70
  218    31.  71.   1   2.01686E-06  GA 71
  219    31.  72.   1   3.96754E-12  GA 72
  220    31.  73.   1   4.89637E-16  GA 73
  221    31.  74.   1   9.61370E-22  GA 74
  222    31.  75.   1   1.00000E-99  GA 75
  223    32.  66.   1   1.00000E-99  GE 66
  224    32.  67.   1   1.63686E-27  GE 67
  225    32.  68.   1   3.04742E-15  GE 68
  226    32.  69.   1   4.83125E-15  GE 69
  227    32.  70.   1   5.08227E-06  GE 70
  228    32.  71.   1   1.78107E-07  GE 71
  229    32.  72.   1   1.35850E-05  GE 72
  230    32.  73.   1   3.14970E-07  GE 73
  231    32.  74.   1   8.48249E-06  GE 74
  232    32.  75.   1   4.50961E-10  GE 75
  233    32.  76.   1   3.71983E-07  GE 76
  234    32.  77.   1   9.17920E-13  GE 77
  235    32.  78.   1   1.71853E-17  GE 78
  236    33.  69.   1   1.71014E-25  AS 69
  237    33.  70.   1   6.57398E-23  AS 70
  238    33.  71.   1   2.72179E-12  AS 71
  239    33.  72.   1   1.04935E-13  AS 72
  240    33.  73.   1   3.15408E-10  AS 73
  241    33.  74.   1   8.50524E-11  AS 74
  242    33.  75.   1   1.13863E-06  AS 75
  243    33.  76.   1   8.02505E-12  AS 76
  244    33.  77.   1   1.06669E-10  AS 77
  245    33.  78.   1   1.13468E-16  AS 78
  246    33.  79.   1   1.89907E-21  AS 79
  247    33.  80.   1   1.00000E-99  AS 80
  248    33.  81.   1   1.00000E-99  AS 81
  249    34.  72.   1   6.20049E-18  SE 72
  250    34.  73.   1   1.68387E-20  SE 73
  251    34.  74.   1   1.09675E-12  SE 74
  252    34.  75.   1   1.13880E-11  SE 75
  253    34.  76.   1   1.97942E-06  SE 76
  254    34.  77.   1   5.07265E-07  SE 77
  255    34.  78.   1   2.65375E-06  SE 78
  256    34.  79.   1   5.79991E-08  SE 79
  257    34.  80.   1   2.06612E-06  SE 80
  258    34.  81.   1   2.73173E-11  SE 81
  259    34.  82.   1   9.70083E-08  SE 82
  260    34.  83.   1   1.21531E-13  SE 83
  261    34.  84.   1   4.99986E-20  SE 84
  262    35.  74.   1   1.00000E-99  BR 74
  263    35.  75.   1   1.12717E-20  BR 75
  264    35.  76.   1   1.83119E-18  BR 76
  265    35.  77.   1   1.06713E-12  BR 77
  266    35.  78.   1   1.24521E-12  BR 78
  267    35.  79.   1   1.94568E-07  BR 79
  268    35.  80.   1   6.46598E-11  BR 80
  269    35.  81.   1   4.79411E-07  BR 81
  270    35.  82.   1   1.85087E-11  BR 82
  271    35.  83.   1   8.55210E-13  BR 83
  272    35.  84.   1   1.33347E-17  BR 84
  273    35.  85.   1   3.36857E-23  BR 85
  274    35.  86.   1   1.00000E-99  BR 86
  275    35.  87.   1   1.00000E-99  BR 87
  276    36.  76.   1   5.58262E-26  KR 76
  277    36.  77.   1   1.95466E-25  KR 77
  278    36.  78.   1   2.39027E-15  KR 78
  279    36.  79.   1   6.42199E-15  KR 79
  280    36.  80.   1   2.13947E-07  KR 80
  281    36.  81.   1   7.05527E-08  KR 81
  282    36.  82.   1   1.18805E-06  KR 82
  283    36.  83.   1   5.08716E-07  KR 83
  284    36.  84.   1   2.92918E-06  KR 84
  285    36.  85.   1   1.38777E-08  KR 85
  286    36.  86.   1   2.16330E-06  KR 86
  287    36.  87.   1   2.25548E-12  KR 87
  288    36.  88.   1   2.97605E-17  KR 88
  289    36.  89.   1   3.96286E-25  KR 89
  290    36.  90.   1   1.00000E-99  KR 90
  291    37.  79.   1   2.73945E-24  RB 79
  292    37.  80.   1   2.47269E-25  RB 80
  293    37.  81.   1   3.31320E-15  RB 81
  294    37.  82.   1   1.76575E-15  RB 82
  295    37.  83.   1   5.07373E-12  RB 83
  296    37.  84.   1   4.23520E-12  RB 84
  297    37.  85.   1   4.23304E-07  RB 85
  298    37.  86.   1   1.03367E-08  RB 86
  299    37.  87.   1   3.32534E-07  RB 87
  300    37.  88.   1   1.18821E-12  RB 88
  301    37.  89.   1   7.03053E-18  RB 89
  302    37.  90.   1   2.90696E-24  RB 90
  303    37.  91.   1   1.00000E-99  RB 91
  304    38.  80.   1   1.00000E-99  SR 80
  305    38.  81.   1   1.00000E-99  SR 81
  306    38.  82.   1   7.26831E-21  SR 82
  307    38.  83.   1   1.09237E-21  SR 83
  308    38.  84.   1   3.36570E-14  SR 84
  309    38.  85.   1   2.43886E-13  SR 85
  310    38.  86.   1   6.02955E-07  SR 86
  311    38.  87.   1   1.25067E-07  SR 87
  312    38.  88.   1   9.04379E-07  SR 88
  313    38.  89.   1   4.15142E-10  SR 89
  314    38.  90.   1   1.05714E-08  SR 90
  315    38.  91.   1   5.98882E-14  SR 91
  316    38.  92.   1   1.73605E-18  SR 92
  317    38.  93.   1   1.83663E-25  SR 93
  318    38.  94.   1   1.00000E-99  SR 94
  319    39.  85.   1   2.29201E-22  Y  85
  320    39.  86.   1   5.94519E-21  Y  86
  321    39.  87.   1   6.63035E-14  Y  87
  322    39.  88.   1   1.80980E-13  Y  88
  323    39.  89.   1   4.01144E-08  Y  89
  324    39.  90.   1   4.67445E-11  Y  90
  325    39.  91.   1   9.57973E-12  Y  91
  326    39.  92.   1   1.03440E-15  Y  92
  327    39.  93.   1   1.07602E-18  Y  93
  328    39.  94.   1   1.22143E-23  Y  94
  329    39.  95.   1   1.00000E-99  Y  95
  330    39.  96.   1   1.00000E-99  Y  96
  331    40.  86.   1   1.00000E-99  ZR 86
  332    40.  87.   1   1.00000E-99  ZR 87
  333    40.  88.   1   5.93957E-20  ZR 88
  334    40.  89.   1   1.79007E-19  ZR 89
  335    40.  90.   1   3.89547E-08  ZR 90
  336    40.  91.   1   3.96457E-09  ZR 91
  337    40.  92.   1   6.10227E-08  ZR 92
  338    40.  93.   1   8.77280E-10  ZR 93
  339    40.  94.   1   7.42881E-08  ZR 94
  340    40.  95.   1   9.20832E-11  ZR 95
  341    40.  96.   1   8.70717E-10  ZR 96
  342    40.  97.   1   4.86145E-16  ZR 97
  343    40.  98.   1   2.51798E-23  ZR 98
  344    41.  89.   1   1.00000E-99  NB 89
  345    41.  90.   1   1.60364E-27  NB 90
  346    41.  91.   1   9.94063E-14  NB 91
  347    41.  92.   1   1.61508E-16  NB 92
  348    41.  93.   1   1.82108E-12  NB 93
  349    41.  94.   1   1.47317E-14  NB 94
  350    41.  95.   1   4.79645E-11  NB 95
  351    41.  96.   1   2.80460E-14  NB 96
  352    41.  97.   1   4.56362E-17  NB 97
  353    41.  98.   1   1.06328E-22  NB 98
  354    41.  99.   1   1.00000E-99  NB 99
  355    42.  90.   1   1.00000E-99  MO 90
  356    42.  91.   1   1.00000E-99  MO 91
  357    42.  92.   1   1.43818E-14  MO 92
  358    42.  93.   1   2.82659E-15  MO 93
  359    42.  94.   1   9.19615E-11  MO 94
  360    42.  95.   1   5.67327E-10  MO 95
  361    42.  96.   1   5.10643E-10  MO 96
  362    42.  97.   1   9.98515E-12  MO 97
  363    42.  98.   1   3.33846E-09  MO 98
  364    42.  99.   1   3.80206E-14  MO 99
  365    42. 100.   1   7.58704E-11  MO100
  366    42. 101.   1   5.13567E-17  MO101
  367    42. 102.   1   2.82365E-22  MO102
  368    43.  93.   1   7.26325E-24  TC 93
  369    43.  94.   1   3.12855E-24  TC 94
  370    43.  95.   1   1.55060E-17  TC 95
  371    43.  96.   1   3.45821E-19  TC 96
  372    43.  97.   1   1.77025E-14  TC 97
  373    43.  98.   1   1.81626E-15  TC 98
  374    43.  99.   1   4.63207E-11  TC 99
  375    43. 100.   1   5.08960E-17  TC100
  376    43. 101.   1   4.99503E-17  TC101
  377    43. 102.   1   3.78822E-22  TC102
  378    43. 103.   1   1.12815E-27  TC103
  379    43. 104.   1   1.00000E-99  TC104
  380    43. 105.   1   1.00000E-99  TC105
  381    44.  94.   1   1.00000E-99  RU 94
  382    44.  95.   1   1.00000E-99  RU 95
  383    44.  96.   1   1.00252E-18  RU 96
  384    44.  97.   1   8.87848E-20  RU 97
  385    44.  98.   1   2.53075E-11  RU 98
  386    44.  99.   1   2.25262E-10  RU 99
  387    44. 100.   1   4.08995E-10  RU100
  388    44. 101.   1   1.24258E-11  RU101
  389    44. 102.   1   1.25110E-09  RU102
  390    44. 103.   1   9.15539E-13  RU103
  391    44. 104.   1   4.02342E-09  RU104
  392    44. 105.   1   3.94625E-14  RU105
  393    44. 106.   1   9.75977E-16  RU106
  394    45.  98.   1   1.00000E-99  RH 98
  395    45.  99.   1   4.24716E-19  RH 99
  396    45. 100.   1   1.98532E-19  RH100
  397    45. 101.   1   6.04941E-16  RH101
  398    45. 102.   1   3.11082E-16  RH102
  399    45. 103.   1   1.30565E-10  RH103
  400    45. 104.   1   2.04574E-15  RH104
  401    45. 105.   1   1.08649E-12  RH105
  402    45. 106.   1   3.71507E-18  RH106
  403    45. 107.   1   7.55681E-21  RH107
  404    45. 108.   1   7.66546E-26  RH108
  405    46.  99.   1   1.00000E-99  PD 99
  406    46. 100.   1   3.99837E-27  PD100
  407    46. 101.   1   3.06254E-27  PD101
  408    46. 102.   1   8.18640E-18  PD102
  409    46. 103.   1   2.64897E-17  PD103
  410    46. 104.   1   4.15252E-10  PD104
  411    46. 105.   1   8.77150E-11  PD105
  412    46. 106.   1   3.52620E-10  PD106
  413    46. 107.   1   2.56051E-12  PD107
  414    46. 108.   1   1.92787E-09  PD108
  415    46. 109.   1   5.86934E-13  PD109
  416    46. 110.   1   1.53346E-09  PD110
  417    46. 111.   1   1.50757E-14  PD111
  418    46. 112.   1   2.40555E-17  PD112
  419    47. 101.   1   1.00000E-99  AG101
  420    47. 102.   1   1.00000E-99  AG102
  421    47. 103.   1   1.00000E-99  AG103
  422    47. 104.   1   2.80208E-27  AG104
  423    47. 105.   1   6.08940E-18  AG105
  424    47. 106.   1   4.40323E-22  AG106
  425    47. 107.   1   1.44913E-12  AG107
  426    47. 108.   1   1.07495E-16  AG108
  427    47. 109.   1   4.52200E-10  AG109
  428    47. 110.   1   1.96781E-15  AG110
  429    47. 111.   1   2.55981E-13  AG111
  430    47. 112.   1   2.25165E-19  AG112
  431    47. 113.   1   8.59601E-23  AG113
  432    48. 102.   1   1.00000E-99  CD102
  433    48. 103.   1   1.00000E-99  CD103
  434    48. 104.   1   1.00000E-99  CD104
  435    48. 105.   1   1.00000E-99  CD105
  436    48. 106.   1   1.43530E-20  CD106
  437    48. 107.   1   6.23551E-22  CD107
  438    48. 108.   1   1.81181E-12  CD108
  439    48. 109.   1   1.86952E-13  CD109
  440    48. 110.   1   4.72370E-10  CD110
  441    48. 111.   1   1.19425E-10  CD111
  442    48. 112.   1   7.73622E-10  CD112
  443    48. 113.   1   7.50329E-12  CD113
  444    48. 114.   1   1.40495E-08  CD114
  445    48. 115.   1   4.42511E-13  CD115
  446    48. 116.   1   1.20623E-09  CD116
  447    48. 117.   1   9.74333E-15  CD117
  448    48. 118.   1   7.20902E-19  CD118
  449    49. 106.   1   1.00000E-99  IN106
  450    49. 107.   1   1.00000E-99  IN107
  451    49. 108.   1   1.00000E-99  IN108
  452    49. 109.   1   6.32236E-23  IN109
  453    49. 110.   1   7.14075E-24  IN110
  454    49. 111.   1   5.13609E-19  IN111
  455    49. 112.   1   3.66823E-16  IN112
  456    49. 113.   1   3.51569E-11  IN113
  457    49. 114.   1   4.75707E-16  IN114
  458    49. 115.   1   2.43816E-11  IN115
  459    49. 116.   1   1.02371E-16  IN116
  460    49. 117.   1   3.77131E-15  IN117
  461    49. 118.   1   1.37735E-19  IN118
  462    49. 119.   1   1.95738E-23  IN119
  463    50. 108.   1   1.00000E-99  SN108
  464    50. 109.   1   1.00000E-99  SN109
  465    50. 110.   1   1.00000E-99  SN110
  466    50. 111.   1   1.00000E-99  SN111
  467    50. 112.   1   2.58084E-18  SN112
  468    50. 113.   1   6.12387E-20  SN113
  469    50. 114.   1   6.28943E-11  SN114
  470    50. 115.   1   8.67439E-11  SN115
  471    50. 116.   1   1.28414E-10  SN116
  472    50. 117.   1   3.61161E-11  SN117
  473    50. 118.   1   1.51816E-09  SN118
  474    50. 119.   1   4.59120E-12  SN119
  475    50. 120.   1   1.46558E-08  SN120
  476    50. 121.   1   1.28310E-12  SN121
  477    50. 122.   1   2.13341E-09  SN122
  478    50. 123.   1   2.34379E-14  SN123
  479    50. 124.   1   1.59798E-10  SN124
  480    50. 125.   1   2.43830E-17  SN125
  481    50. 126.   1   6.75147E-15  SN126
  482    50. 127.   1   7.24426E-22  SN127
  483    50. 128.   1   4.48011E-27  SN128
  484    50. 129.   1   1.00000E-99  SN129
  485    50. 130.   1   1.00000E-99  SN130
  486    51. 112.   1   1.00000E-99  SB112
  487    51. 113.   1   1.00000E-99  SB113
  488    51. 114.   1   1.00000E-99  SB114
  489    51. 115.   1   1.04611E-22  SB115
  490    51. 116.   1   2.91233E-22  SB116
  491    51. 117.   1   1.28325E-21  SB117
  492    51. 118.   1   5.94107E-22  SB118
  493    51. 119.   1   4.90663E-17  SB119
  494    51. 120.   1   1.75254E-16  SB120
  495    51. 121.   1   9.48160E-11  SB121
  496    51. 122.   1   5.27558E-14  SB122
  497    51. 123.   1   5.38233E-11  SB123
  498    51. 124.   1   1.27277E-15  SB124
  499    51. 125.   1   2.00661E-15  SB125
  500    51. 126.   1   8.68340E-20  SB126
  501    51. 127.   1   2.24306E-20  SB127
  502    51. 128.   1   8.16042E-26  SB128
  503    51. 129.   1   1.00000E-99  SB129
  504    51. 130.   1   1.00000E-99  SB130
  505    51. 131.   1   1.00000E-99  SB131
  506    51. 132.   1   1.00000E-99  SB132
  507    51. 133.   1   1.00000E-99  SB133
  508    52. 114.   1   1.00000E-99  TE114
  509    52. 115.   1   1.00000E-99  TE115
  510    52. 116.   1   1.00000E-99  TE116
  511    52. 117.   1   1.00000E-99  TE117
  512    52. 118.   1   1.00000E-99  TE118
  513    52. 119.   1   7.49907E-27  TE119
  514    52. 120.   1   6.00885E-18  TE120
  515    52. 121.   1   4.92298E-18  TE121
  516    52. 122.   1   6.91721E-11  TE122
  517    52. 123.   1   8.17005E-12  TE123
  518    52. 124.   1   1.18237E-10  TE124
  519    52. 125.   1   3.12436E-12  TE125
  520    52. 126.   1   1.52687E-09  TE126
  521    52. 127.   1   5.74323E-13  TE127
  522    52. 128.   1   2.36154E-09  TE128
  523    52. 129.   1   2.84017E-14  TE129
  524    52. 130.   1   1.05123E-10  TE130
  525    52. 131.   1   4.51521E-16  TE131
  526    52. 132.   1   2.50991E-19  TE132
  527    52. 133.   1   4.72225E-25  TE133
  528    52. 134.   1   1.00000E-99  TE134
  529    53. 117.   1   1.00000E-99  I 117
  530    53. 118.   1   1.00000E-99  I 118
  531    53. 119.   1   1.00000E-99  I 119
  532    53. 120.   1   1.00000E-99  I 120
  533    53. 121.   1   1.00000E-99  I 121
  534    53. 122.   1   1.00000E-99  I 122
  535    53. 123.   1   2.41640E-21  I 123
  536    53. 124.   1   2.24576E-22  I 124
  537    53. 125.   1   4.38717E-17  I 125
  538    53. 126.   1   7.28196E-18  I 126
  539    53. 127.   1   1.10535E-10  I 127
  540    53. 128.   1   3.33775E-14  I 128
  541    53. 129.   1   1.91130E-11  I 129
  542    53. 130.   1   5.57308E-15  I 130
  543    53. 131.   1   5.25108E-15  I 131
  544    53. 132.   1   4.58700E-20  I 132
  545    53. 133.   1   4.17128E-23  I 133
  546    53. 134.   1   1.00000E-99  I 134
  547    53. 135.   1   1.00000E-99  I 135
  548    54. 118.   1   1.00000E-99  XE118
  549    54. 119.   1   1.00000E-99  XE119
  550    54. 120.   1   1.00000E-99  XE120
  551    54. 121.   1   1.00000E-99  XE121
  552    54. 122.   1   1.00000E-99  XE122
  553    54. 123.   1   1.00000E-99  XE123
  554    54. 124.   1   1.11321E-22  XE124
  555    54. 125.   1   1.06774E-22  XE125
  556    54. 126.   1   4.91827E-15  XE126
  557    54. 127.   1   9.60876E-16  XE127
  558    54. 128.   1   4.08251E-10  XE128
  559    54. 129.   1   2.27253E-12  XE129
  560    54. 130.   1   2.20458E-10  XE130
  561    54. 131.   1   3.85604E-12  XE131
  562    54. 132.   1   2.52626E-09  XE132
  563    54. 133.   1   3.90188E-12  XE133
  564    54. 134.   1   6.42537E-09  XE134
  565    54. 135.   1   2.70125E-13  XE135
  566    54. 136.   1   1.32326E-09  XE136
  567    54. 137.   1   7.41657E-22  XE137
  568    54. 138.   1   1.00000E-99  XE138
  569    55. 123.   1   1.00000E-99  CS123
  570    55. 124.   1   1.00000E-99  CS124
  571    55. 125.   1   1.00000E-99  CS125
  572    55. 126.   1   1.00000E-99  CS126
  573    55. 127.   1   4.28770E-26  CS127
  574    55. 128.   1   1.00000E-99  CS128
  575    55. 129.   1   2.00781E-20  CS129
  576    55. 130.   1   2.09554E-21  CS130
  577    55. 131.   1   4.24040E-15  CS131
  578    55. 132.   1   8.70558E-16  CS132
  579    55. 133.   1   1.98572E-10  CS133
  580    55. 134.   1   2.48359E-13  CS134
  581    55. 135.   1   5.95279E-11  CS135
  582    55. 136.   1   1.85381E-13  CS136
  583    55. 137.   1   4.59529E-15  CS137
  584    55. 138.   1   4.02044E-25  CS138
  585    55. 139.   1   1.00000E-99  CS139
  586    56. 124.   1   1.00000E-99  BA124
  587    56. 125.   1   1.00000E-99  BA125
  588    56. 126.   1   1.00000E-99  BA126
  589    56. 127.   1   1.00000E-99  BA127
  590    56. 128.   1   1.00000E-99  BA128
  591    56. 129.   1   1.00000E-99  BA129
  592    56. 130.   1   1.54441E-19  BA130
  593    56. 131.   1   5.14043E-20  BA131
  594    56. 132.   1   2.67773E-14  BA132
  595    56. 133.   1   1.08200E-14  BA133
  596    56. 134.   1   8.71022E-10  BA134
  597    56. 135.   1   1.58693E-10  BA135
  598    56. 136.   1   4.76562E-09  BA136
  599    56. 137.   1   2.84137E-11  BA137
  600    56. 138.   1   6.27615E-08  BA138
  601    56. 139.   1   9.14250E-18  BA139
  602    56. 140.   1   1.42795E-22  BA140
  603    56. 141.   1   1.00000E-99  BA141
  604    56. 142.   1   1.00000E-99  BA142
  605    57. 127.   1   1.00000E-99  LA127
  606    57. 128.   1   1.00000E-99  LA128
  607    57. 129.   1   1.00000E-99  LA129
  608    57. 130.   1   1.00000E-99  LA130
  609    57. 131.   1   1.00000E-99  LA131
  610    57. 132.   1   1.00000E-99  LA132
  611    57. 133.   1   8.10971E-26  LA133
  612    57. 134.   1   1.24341E-27  LA134
  613    57. 135.   1   1.45897E-20  LA135
  614    57. 136.   1   9.45930E-22  LA136
  615    57. 137.   1   1.10322E-17  LA137
  616    57. 138.   1   3.52814E-17  LA138
  617    57. 139.   1   5.15104E-09  LA139
  618    57. 140.   1   1.77516E-16  LA140
  619    57. 141.   1   1.63007E-20  LA141
  620    57. 142.   1   1.00000E-99  LA142
  621    57. 143.   1   1.00000E-99  LA143
  622    58. 130.   1   1.00000E-99  CE130
  623    58. 131.   1   1.00000E-99  CE131
  624    58. 132.   1   1.00000E-99  CE132
  625    58. 133.   1   1.00000E-99  CE133
  626    58. 134.   1   1.00000E-99  CE134
  627    58. 135.   1   1.00000E-99  CE135
  628    58. 136.   1   2.95446E-19  CE136
  629    58. 137.   1   1.42954E-20  CE137
  630    58. 138.   1   6.87110E-13  CE138
  631    58. 139.   1   1.10030E-13  CE139
  632    58. 140.   1   1.19663E-08  CE140
  633    58. 141.   1   4.62213E-16  CE141
  634    58. 142.   1   1.17603E-17  CE142
  635    58. 143.   1   1.13305E-24  CE143
  636    58. 144.   1   1.00000E-99  CE144
  637    58. 145.   1   1.00000E-99  CE145
  638    58. 146.   1   1.00000E-99  CE146
  639    59. 133.   1   1.00000E-99  PR133
  640    59. 134.   1   1.00000E-99  PR134
  641    59. 135.   1   1.00000E-99  PR135
  642    59. 136.   1   1.00000E-99  PR136
  643    59. 137.   1   1.00000E-99  PR137
  644    59. 138.   1   1.00000E-99  PR138
  645    59. 139.   1   1.25760E-24  PR139
  646    59. 140.   1   1.48766E-20  PR140
  647    59. 141.   1   3.65493E-10  PR141
  648    59. 142.   1   7.88971E-15  PR142
  649    59. 143.   1   1.90050E-17  PR143
  650    59. 144.   1   7.94373E-23  PR144
  651    59. 145.   1   5.32307E-26  PR145
  652    59. 146.   1   1.00000E-99  PR146
  653    59. 147.   1   1.00000E-99  PR147
  654    59. 148.   1   1.00000E-99  PR148
  655    59. 149.   1   1.00000E-99  PR149
  656    60. 134.   1   1.00000E-99  ND134
  657    60. 135.   1   1.00000E-99  ND135
  658    60. 136.   1   1.00000E-99  ND136
  659    60. 137.   1   1.00000E-99  ND137
  660    60. 138.   1   1.00000E-99  ND138
  661    60. 139.   1   1.00000E-99  ND139
  662    60. 140.   1   1.62866E-21  ND140
  663    60. 141.   1   3.08736E-19  ND141
  664    60. 142.   1   1.15108E-09  ND142
  665    60. 143.   1   1.36241E-13  ND143
  666    60. 144.   1   2.69000E-16  ND144
  667    60. 145.   1   2.79075E-18  ND145
  668    60. 146.   1   3.95005E-15  ND146
  669    60. 147.   1   9.40245E-22  ND147
  670    60. 148.   1   4.80551E-24  ND148
  671    60. 149.   1   1.00000E-99  ND149
  672    60. 150.   1   1.00000E-99  ND150
  673    60. 151.   1   1.00000E-99  ND151
  674    60. 152.   1   1.00000E-99  ND152
  675    61. 137.   1   1.00000E-99  PM137
  676    61. 138.   1   1.00000E-99  PM138
  677    61. 139.   1   1.00000E-99  PM139
  678    61. 140.   1   1.00000E-99  PM140
  679    61. 141.   1   1.00000E-99  PM141
  680    61. 142.   1   1.00000E-99  PM142
  681    61. 143.   1   8.76732E-17  PM143
  682    61. 144.   1   6.18244E-20  PM144
  683    61. 145.   1   9.89743E-21  PM145
  684    61. 146.   1   1.52304E-21  PM146
  685    61. 147.   1   3.06107E-18  PM147
  686    61. 148.   1   2.04905E-24  PM148
  687    61. 149.   1   1.16555E-22  PM149
  688    61. 150.   1   1.00000E-99  PM150
  689    61. 151.   1   1.00000E-99  PM151
  690    61. 152.   1   1.00000E-99  PM152
  691    61. 153.   1   1.00000E-99  PM153
  692    61. 154.   1   1.00000E-99  PM154
  693    62. 140.   1   1.00000E-99  SM140
  694    62. 141.   1   1.00000E-99  SM141
  695    62. 142.   1   1.00000E-99  SM142
  696    62. 143.   1   1.00000E-99  SM143
  697    62. 144.   1   2.60323E-16  SM144
  698    62. 145.   1   3.49128E-19  SM145
  699    62. 146.   1   3.59124E-19  SM146
  700    62. 147.   1   1.96213E-18  SM147
  701    62. 148.   1   1.12936E-14  SM148
  702    62. 149.   1   8.42908E-18  SM149
  703    62. 150.   1   1.56658E-14  SM150
  704    62. 151.   1   4.83805E-20  SM151
  705    62. 152.   1   3.05976E-18  SM152
  706    62. 153.   1   1.13012E-22  SM153
  707    62. 154.   1   1.54642E-22  SM154
  708    62. 155.   1   1.00000E-99  SM155
  709    62. 156.   1   1.00000E-99  SM156
  710    62. 157.   1   1.00000E-99  SM157
  711    62. 158.   1   1.00000E-99  SM158
  712    63. 143.   1   1.00000E-99  EU143
  713    63. 144.   1   1.00000E-99  EU144
  714    63. 145.   1   1.00000E-99  EU145
  715    63. 146.   1   1.00000E-99  EU146
  716    63. 147.   1   1.00000E-99  EU147
  717    63. 148.   1   1.00000E-99  EU148
  718    63. 149.   1   5.42619E-22  EU149
  719    63. 150.   1   2.64927E-23  EU150
  720    63. 151.   1   5.24626E-18  EU151
  721    63. 152.   1   3.71900E-22  EU152
  722    63. 153.   1   5.81993E-16  EU153
  723    63. 154.   1   5.33787E-20  EU154
  724    63. 155.   1   1.96836E-19  EU155
  725    63. 156.   1   6.13232E-24  EU156
  726    63. 157.   1   8.37712E-27  EU157
  727    63. 158.   1   1.00000E-99  EU158
  728    63. 159.   1   1.00000E-99  EU159
  729    64. 144.   1   1.00000E-99  GD144
  730    64. 145.   1   1.00000E-99  GD145
  731    64. 146.   1   1.00000E-99  GD146
  732    64. 147.   1   1.00000E-99  GD147
  733    64. 148.   1   1.00000E-99  GD148
  734    64. 149.   1   1.00000E-99  GD149
  735    64. 150.   1   1.08604E-21  GD150
  736    64. 151.   1   1.24134E-20  GD151
  737    64. 152.   1   6.02721E-15  GD152
  738    64. 153.   1   1.97986E-16  GD153
  739    64. 154.   1   6.81899E-11  GD154
  740    64. 155.   1   2.09006E-13  GD155
  741    64. 156.   1   8.54838E-11  GD156
  742    64. 157.   1   1.49293E-15  GD157
  743    64. 158.   1   4.46148E-15  GD158
  744    64. 159.   1   4.17705E-20  GD159
  745    64. 160.   1   2.17455E-20  GD160
  746    64. 161.   1   1.07194E-26  GD161
  747    64. 162.   1   1.00000E-99  GD162
  748    65. 147.   1   1.00000E-99  TB147
  749    65. 148.   1   1.00000E-99  TB148
  750    65. 149.   1   1.00000E-99  TB149
  751    65. 150.   1   1.00000E-99  TB150
  752    65. 151.   1   1.00000E-99  TB151
  753    65. 152.   1   1.00000E-99  TB152
  754    65. 153.   1   1.88422E-22  TB153
  755    65. 154.   1   1.39983E-21  TB154
  756    65. 155.   1   1.74206E-16  TB155
  757    65. 156.   1   3.53061E-17  TB156
  758    65. 157.   1   2.36171E-12  TB157
  759    65. 158.   1   2.87454E-14  TB158
  760    65. 159.   1   3.66656E-12  TB159
  761    65. 160.   1   1.40964E-16  TB160
  762    65. 161.   1   1.62471E-18  TB161
  763    65. 162.   1   3.30092E-23  TB162
  764    65. 163.   1   3.72136E-27  TB163
  765    65. 164.   1   1.00000E-99  TB164
  766    65. 165.   1   1.00000E-99  TB165
  767    66. 148.   1   1.00000E-99  DY148
  768    66. 149.   1   1.00000E-99  DY149
  769    66. 150.   1   1.00000E-99  DY150
  770    66. 151.   1   1.00000E-99  DY151
  771    66. 152.   1   1.00000E-99  DY152
  772    66. 153.   1   1.00000E-99  DY153
  773    66. 154.   1   8.53428E-24  DY154
  774    66. 155.   1   3.48789E-21  DY155
  775    66. 156.   1   1.98862E-14  DY156
  776    66. 157.   1   3.61102E-15  DY157
  777    66. 158.   1   1.62756E-10  DY158
  778    66. 159.   1   5.37198E-12  DY159
  779    66. 160.   1   1.97106E-10  DY160
  780    66. 161.   1   1.21539E-13  DY161
  781    66. 162.   1   7.85669E-12  DY162
  782    66. 163.   1   1.14990E-15  DY163
  783    66. 164.   1   1.01520E-13  DY164
  784    66. 165.   1   2.87206E-20  DY165
  785    66. 166.   1   3.28967E-23  DY166
  786    66. 167.   1   1.00000E-99  DY167
  787    66. 168.   1   1.00000E-99  DY168
  788    67. 153.   1   1.00000E-99  HO153
  789    67. 154.   1   1.00000E-99  HO154
  790    67. 155.   1   1.00000E-99  HO155
  791    67. 156.   1   1.00000E-99  HO156
  792    67. 157.   1   1.00000E-99  HO157
  793    67. 158.   1   1.00000E-99  HO158
  794    67. 159.   1   7.62424E-24  HO159
  795    67. 160.   1   9.25001E-22  HO160
  796    67. 161.   1   5.34400E-19  HO161
  797    67. 162.   1   1.54270E-17  HO162
  798    67. 163.   1   1.97638E-12  HO163
  799    67. 164.   1   1.32895E-14  HO164
  800    67. 165.   1   2.73464E-11  HO165
  801    67. 166.   1   6.38683E-17  HO166
  802    67. 167.   1   1.60751E-19  HO167
  803    67. 168.   1   5.15267E-25  HO168
  804    67. 169.   1   1.00000E-99  HO169
  805    68. 154.   1   1.00000E-99  ER154
  806    68. 155.   1   1.00000E-99  ER155
  807    68. 156.   1   1.00000E-99  ER156
  808    68. 157.   1   1.00000E-99  ER157
  809    68. 158.   1   1.00000E-99  ER158
  810    68. 159.   1   1.00000E-99  ER159
  811    68. 160.   1   5.71462E-21  ER160
  812    68. 161.   1   2.98980E-19  ER161
  813    68. 162.   1   1.43844E-12  ER162
  814    68. 163.   1   2.82634E-14  ER163
  815    68. 164.   1   3.69521E-10  ER164
  816    68. 165.   1   1.12536E-12  ER165
  817    68. 166.   1   4.57825E-10  ER166
  818    68. 167.   1   3.43572E-14  ER167
  819    68. 168.   1   2.73309E-14  ER168
  820    68. 169.   1   1.91920E-19  ER169
  821    68. 170.   1   5.34468E-20  ER170
  822    68. 171.   1   9.63476E-27  ER171
  823    68. 172.   1   1.00000E-99  ER172
  824    68. 173.   1   1.00000E-99  ER173
  825    68. 174.   1   1.00000E-99  ER174
  826    68. 175.   1   1.00000E-99  ER175
  827    69. 159.   1   1.00000E-99  TM159
  828    69. 160.   1   1.00000E-99  TM160
  829    69. 161.   1   1.00000E-99  TM161
  830    69. 162.   1   1.00000E-99  TM162
  831    69. 163.   1   1.00000E-99  TM163
  832    69. 164.   1   1.79260E-27  TM164
  833    69. 165.   1   7.27026E-20  TM165
  834    69. 166.   1   2.34984E-19  TM166
  835    69. 167.   1   1.00740E-13  TM167
  836    69. 168.   1   1.65061E-15  TM168
  837    69. 169.   1   6.25423E-12  TM169
  838    69. 170.   1   5.14824E-16  TM170
  839    69. 171.   1   2.15249E-16  TM171
  840    69. 172.   1   1.74998E-22  TM172
  841    69. 173.   1   4.26606E-25  TM173
  842    69. 174.   1   1.00000E-99  TM174
  843    69. 175.   1   1.00000E-99  TM175
  844    69. 176.   1   1.00000E-99  TM176
  845    70. 160.   1   1.00000E-99  YB160
  846    70. 161.   1   1.00000E-99  YB161
  847    70. 162.   1   1.00000E-99  YB162
  848    70. 163.   1   1.00000E-99  YB163
  849    70. 164.   1   1.00000E-99  YB164
  850    70. 165.   1   1.00000E-99  YB165
  851    70. 166.   1   5.68963E-20  YB166
  852    70. 167.   1   3.29936E-19  YB167
  853    70. 168.   1   1.09115E-11  YB168
  854    70. 169.   1   3.19048E-14  YB169
  855    70. 170.   1   2.28054E-09  YB170
  856    70. 171.   1   1.35163E-12  YB171
  857    70. 172.   1   1.42857E-11  YB172
  858    70. 173.   1   9.05610E-16  YB173
  859    70. 174.   1   3.65394E-16  YB174
  860    70. 175.   1   1.94495E-22  YB175
  861    70. 176.   1   7.28565E-24  YB176
  862    70. 177.   1   1.00000E-99  YB177
  863    70. 178.   1   1.00000E-99  YB178
  864    70. 179.   1   1.00000E-99  YB179
  865    70. 180.   1   1.00000E-99  YB180
  866    71. 165.   1   1.00000E-99  LU165
  867    71. 166.   1   1.00000E-99  LU166
  868    71. 167.   1   1.00000E-99  LU167
  869    71. 168.   1   1.00000E-99  LU168
  870    71. 169.   1   1.67860E-20  LU169
  871    71. 170.   1   1.92175E-19  LU170
  872    71. 171.   1   3.05577E-15  LU171
  873    71. 172.   1   9.88788E-16  LU172
  874    71. 173.   1   5.08418E-12  LU173
  875    71. 174.   1   6.09655E-14  LU174
  876    71. 175.   1   1.99657E-13  LU175
  877    71. 176.   1   1.21531E-19  LU176
  878    71. 177.   1   2.22226E-22  LU177
  879    71. 178.   1   2.07592E-26  LU178
  880    71. 179.   1   1.00000E-99  LU179
  881    71. 180.   1   1.00000E-99  LU180
  882    71. 181.   1   1.00000E-99  LU181
  883    71. 182.   1   1.00000E-99  LU182
  884    72. 166.   1   1.00000E-99  HF166
  885    72. 167.   1   1.00000E-99  HF167
  886    72. 168.   1   1.00000E-99  HF168
  887    72. 169.   1   1.00000E-99  HF169
  888    72. 170.   1   1.03052E-26  HF170
  889    72. 171.   1   3.00246E-25  HF171
  890    72. 172.   1   1.98493E-18  HF172
  891    72. 173.   1   1.05291E-18  HF173
  892    72. 174.   1   1.18002E-13  HF174
  893    72. 175.   1   3.31944E-15  HF175
  894    72. 176.   1   3.19369E-11  HF176
  895    72. 177.   1   1.50235E-14  HF177
  896    72. 178.   1   3.07553E-13  HF178
  897    72. 179.   1   5.15712E-19  HF179
  898    72. 180.   1   6.79519E-17  HF180
  899    72. 181.   1   3.32472E-24  HF181
  900    72. 182.   1   1.00000E-99  HF182
  901    72. 183.   1   1.00000E-99  HF183
  902    72. 184.   1   1.00000E-99  HF184
  903    72. 185.   1   1.00000E-99  HF185
  904    73. 169.   1   1.00000E-99  TA169
  905    73. 170.   1   1.00000E-99  TA170
  906    73. 171.   1   1.00000E-99  TA171
  907    73. 172.   1   1.00000E-99  TA172
  908    73. 173.   1   1.00000E-99  TA173
  909    73. 174.   1   1.00000E-99  TA174
  910    73. 175.   1   2.01436E-22  TA175
  911    73. 176.   1   8.52884E-22  TA176
  912    73. 177.   1   1.51328E-16  TA177
  913    73. 178.   1   7.23075E-19  TA178
  914    73. 179.   1   2.49135E-13  TA179
  915    73. 180.   1   1.89244E-16  TA180
  916    73. 181.   1   2.07632E-15  TA181
  917    73. 182.   1   2.59129E-21  TA182
  918    73. 183.   1   1.17796E-24  TA183
  919    73. 184.   1   1.00000E-99  TA184
  920    73. 185.   1   1.00000E-99  TA185
  921    73. 186.   1   1.00000E-99  TA186
  922    74. 172.   1   1.00000E-99  W 172
  923    74. 173.   1   1.00000E-99  W 173
  924    74. 174.   1   1.00000E-99  W 174
  925    74. 175.   1   1.00000E-99  W 175
  926    74. 176.   1   7.24293E-25  W 176
  927    74. 177.   1   6.86162E-23  W 177
  928    74. 178.   1   1.31622E-16  W 178
  929    74. 179.   1   6.09517E-17  W 179
  930    74. 180.   1   1.70493E-11  W 180
  931    74. 181.   1   7.31777E-14  W 181
  932    74. 182.   1   4.89413E-11  W 182
  933    74. 183.   1   1.77625E-15  W 183
  934    74. 184.   1   8.16841E-16  W 184
  935    74. 185.   1   7.86847E-22  W 185
  936    74. 186.   1   1.14882E-23  W 186
  937    74. 187.   1   1.00000E-99  W 187
  938    74. 188.   1   1.00000E-99  W 188
  939    74. 189.   1   1.00000E-99  W 189
  940    74. 190.   1   1.00000E-99  W 190
  941    75. 175.   1   1.00000E-99  RE175
  942    75. 176.   1   1.00000E-99  RE176
  943    75. 177.   1   1.00000E-99  RE177
  944    75. 178.   1   1.00000E-99  RE178
  945    75. 179.   1   1.00000E-99  RE179
  946    75. 180.   1   5.58932E-27  RE180
  947    75. 181.   1   3.12312E-19  RE181
  948    75. 182.   1   2.05781E-19  RE182
  949    75. 183.   1   5.00772E-15  RE183
  950    75. 184.   1   7.36797E-17  RE184
  951    75. 185.   1   5.86033E-16  RE185
  952    75. 186.   1   1.70040E-21  RE186
  953    75. 187.   1   5.96570E-18  RE187
  954    75. 188.   1   3.30111E-25  RE188
  955    75. 189.   1   9.68159E-26  RE189
  956    75. 190.   1   1.00000E-99  RE190
  957    75. 191.   1   1.00000E-99  RE191
  958    76. 179.   1   1.00000E-99  OS179
  959    76. 180.   1   1.00000E-99  OS180
  960    76. 181.   1   1.24388E-26  OS181
  961    76. 182.   1   2.81607E-19  OS182
  962    76. 183.   1   6.53053E-19  OS183
  963    76. 184.   1   6.81288E-13  OS184
  964    76. 185.   1   3.27351E-14  OS185
  965    76. 186.   1   1.46603E-11  OS186
  966    76. 187.   1   7.35841E-15  OS187
  967    76. 188.   1   5.06447E-12  OS188
  968    76. 189.   1   8.38346E-17  OS189
  969    76. 190.   1   4.33327E-16  OS190
  970    76. 191.   1   4.34102E-22  OS191
  971    76. 192.   1   1.58943E-21  OS192
  972    76. 193.   1   1.00000E-99  OS193
  973    76. 194.   1   1.00000E-99  OS194
  974    76. 195.   1   1.00000E-99  OS195
  975    76. 196.   1   1.00000E-99  OS196
  976    77. 181.   1   1.00000E-99  IR181
  977    77. 182.   1   1.00000E-99  IR182
  978    77. 183.   1   1.00000E-99  IR183
  979    77. 184.   1   1.00000E-99  IR184
  980    77. 185.   1   1.35701E-24  IR185
  981    77. 186.   1   8.12323E-25  IR186
  982    77. 187.   1   3.79793E-18  IR187
  983    77. 188.   1   9.76931E-19  IR188
  984    77. 189.   1   3.14247E-14  IR189
  985    77. 190.   1   1.90675E-17  IR190
  986    77. 191.   1   5.32185E-12  IR191
  987    77. 192.   1   1.18240E-17  IR192
  988    77. 193.   1   5.35764E-16  IR193
  989    77. 194.   1   7.60324E-23  IR194
  990    77. 195.   1   6.30622E-26  IR195
  991    77. 196.   1   1.00000E-99  IR196
  992    77. 197.   1   1.00000E-99  IR197
  993    78. 184.   1   1.00000E-99  PT184
  994    78. 185.   1   1.00000E-99  PT185
  995    78. 186.   1   1.88872E-27  PT186
  996    78. 187.   1   6.09799E-24  PT187
  997    78. 188.   1   6.51750E-20  PT188
  998    78. 189.   1   1.83713E-18  PT189
  999    78. 190.   1   2.48767E-12  PT190
 1000    78. 191.   1   9.26272E-14  PT191
 1001    78. 192.   1   8.37645E-10  PT192
 1002    78. 193.   1   1.54668E-12  PT193
 1003    78. 194.   1   3.04314E-12  PT194
 1004    78. 195.   1   2.90138E-14  PT195
 1005    78. 196.   1   1.18677E-14  PT196
 1006    78. 197.   1   1.37787E-18  PT197
 1007    78. 198.   1   1.15855E-16  PT198
 1008    78. 199.   1   2.35563E-22  PT199
 1009    78. 200.   1   7.36491E-26  PT200
 1010    78. 201.   1   1.00000E-99  PT201
 1011    78. 202.   1   1.00000E-99  PT202
 1012    79. 185.   1   1.00000E-99  AU185
 1013    79. 186.   1   1.00000E-99  AU186
 1014    79. 187.   1   1.00000E-99  AU187
 1015    79. 188.   1   1.00000E-99  AU188
 1016    79. 189.   1   1.00000E-99  AU189
 1017    79. 190.   1   1.00000E-99  AU190
 1018    79. 191.   1   1.17257E-21  AU191
 1019    79. 192.   1   3.01305E-20  AU192
 1020    79. 193.   1   6.71623E-15  AU193
 1021    79. 194.   1   2.84487E-15  AU194
 1022    79. 195.   1   2.35314E-10  AU195
 1023    79. 196.   1   1.13047E-12  AU196
 1024    79. 197.   1   2.18226E-10  AU197
 1025    79. 198.   1   3.48281E-14  AU198
 1026    79. 199.   1   2.21608E-16  AU199
 1027    79. 200.   1   1.21177E-19  AU200
 1028    79. 201.   1   6.07411E-24  AU201
 1029    79. 202.   1   1.00000E-99  AU202
 1030    79. 203.   1   1.00000E-99  AU203
 1031    80. 189.   1   1.00000E-99  HG189
 1032    80. 190.   1   1.00000E-99  HG190
 1033    80. 191.   1   1.00000E-99  HG191
 1034    80. 192.   1   1.04774E-20  HG192
 1035    80. 193.   1   3.71204E-18  HG193
 1036    80. 194.   1   2.55196E-12  HG194
 1037    80. 195.   1   3.51649E-13  HG195
 1038    80. 196.   1   2.67790E-09  HG196
 1039    80. 197.   1   3.89619E-11  HG197
 1040    80. 198.   1   1.07304E-09  HG198
 1041    80. 199.   1   3.75817E-11  HG199
 1042    80. 200.   1   1.20165E-10  HG200
 1043    80. 201.   1   8.37808E-13  HG201
 1044    80. 202.   1   2.01529E-11  HG202
 1045    80. 203.   1   7.52874E-16  HG203
 1046    80. 204.   1   1.19062E-14  HG204
 1047    80. 205.   1   6.86215E-21  HG205
 1048    80. 206.   1   2.96497E-27  HG206
 1049    80. 207.   1   1.00000E-99  HG207
 1050    80. 208.   1   1.00000E-99  HG208
 1051    81. 192.   1   1.00000E-99  TL192
 1052    81. 193.   1   1.00000E-99  TL193
 1053    81. 194.   1   1.00000E-99  TL194
 1054    81. 195.   1   1.00000E-99  TL195
 1055    81. 196.   1   1.00000E-99  TL196
 1056    81. 197.   1   6.64410E-25  TL197
 1057    81. 198.   1   6.17542E-23  TL198
 1058    81. 199.   1   3.18233E-17  TL199
 1059    81. 200.   1   3.75156E-16  TL200
 1060    81. 201.   1   8.56794E-13  TL201
 1061    81. 202.   1   4.73287E-12  TL202
 1062    81. 203.   1   1.93472E-10  TL203
 1063    81. 204.   1   2.76163E-14  TL204
 1064    81. 205.   1   8.61226E-12  TL205
 1065    81. 206.   1   1.14061E-16  TL206
 1066    81. 207.   1   1.89488E-18  TL207
 1067    81. 208.   1   1.00000E-99  TL208
 1068    81. 209.   1   1.00000E-99  TL209
 1069    81. 210.   1   1.00000E-99  TL210
 1070    82. 193.   1   1.00000E-99  PB193
 1071    82. 194.   1   1.00000E-99  PB194
 1072    82. 195.   1   1.00000E-99  PB195
 1073    82. 196.   1   1.00000E-99  PB196
 1074    82. 197.   1   1.00000E-99  PB197
 1075    82. 198.   1   1.00000E-99  PB198
 1076    82. 199.   1   2.73878E-26  PB199
 1077    82. 200.   1   1.03512E-18  PB200
 1078    82. 201.   1   1.66913E-16  PB201
 1079    82. 202.   1   7.24345E-10  PB202
 1080    82. 203.   1   2.22274E-12  PB203
 1081    82. 204.   1   3.12874E-08  PB204
 1082    82. 205.   1   1.05829E-10  PB205
 1083    82. 208.   1   5.31707E-09  PB208
 1084    82. 209.   1   1.21873E-21  PB209
 1085    82. 210.   1   1.00000E-99  PB210
 1086    82. 211.   1   1.00000E-99  PB211
 1087    83. 202.   1   1.38635E-26  BI202
 1088    83. 203.   1   7.89382E-21  BI203
 1089    83. 204.   1   3.93188E-18  BI204
 1090    83. 205.   1   1.38132E-13  BI205
 1091    83. 206.   1   1.43302E-12  BI206
 1092    83. 207.   1   2.05380E-11  BI207
 1093    83. 208.   1   7.19716E-14  BI208
 1094    83. 209.   1   1.77844E-14  BI209
 1095    83. 210.   1   7.43170E-24  BI210
 1096    13.  26.   2   1.00000E-99  AL*26
 1097    36.  85.   2   1.00000E-99  KR*85
 1098    48. 115.   2   1.00000E-99  CD*15
 1099    71. 176.   2   1.00000E-99  LU*76
 1100    73. 180.   2   1.00000E-99  TAg80
