 ppn setting up network
 vital: false species=L   1
 vital: false species=G   1
 vital: false species=G  63
 vital: false species=LI  6
 vital: false species=BE  9
 vital: false species=B  10
 nvar rnetw2007         113
INIABUND cpu_time/s =   0.83787D+00
cycle  age       N_n       T_9       rho    ye        <tNRNW>   tN_last   tminv_l  Nspec IT n
     2   2.5D-03   6.0D-74   5.5D-02   1.0D+02   8.5D-01   5.3D-02   6.8D-02   2.0D-03    94  4  0
     3   4.8D-03   6.0D-74   5.5D-02   1.0D+02   8.5D-01   5.9D-02   6.4D-02   1.0D-03    90  3  0
     4   8.1D-03   6.0D-74   5.5D-02   1.0D+02   8.5D-01   5.9D-02   6.4D-02   3.0D-03    93  3  0
     5   1.3D-02   6.0D-74   5.5D-02   1.0D+02   8.5D-01   4.8D-02   6.0D-02   2.0D-03    93  3  0
     6   2.1D-02   6.0D-74   5.5D-02   1.0D+02   8.5D-01   5.6D-02   5.9D-02   2.0D-03    93  3  0
     7   3.2D-02   6.0D-74   5.5D-02   1.0D+02   8.5D-01   5.7D-02   5.1D-02   2.0D-03    93  3  0
     8   4.9D-02   6.0D-74   5.5D-02   1.0D+02   8.5D-01   5.3D-02   5.6D-02   2.0D-03    92  3  0
     9   7.5D-02   6.0D-74   5.5D-02   1.0D+02   8.5D-01   5.6D-02   5.8D-02   1.0D-03    91  3  0
    10   1.1D-01   6.0D-74   5.5D-02   1.0D+02   8.5D-01   5.7D-02   5.4D-02   2.0D-03    91  3  0
    11   1.7D-01   6.0D-74   5.5D-02   1.0D+02   8.5D-01   5.8D-02   6.0D-02   2.0D-03    92  3  0
    12   2.6D-01   6.0D-74   5.5D-02   1.0D+02   8.5D-01   4.4D-02   5.8D-02   2.0D-03    94  3  0
    13   3.9D-01   6.0D-74   5.5D-02   1.0D+02   8.5D-01   5.3D-02   5.7D-02   2.0D-03    96  3  0
    14   5.8D-01   6.0D-74   5.5D-02   1.0D+02   8.5D-01   5.5D-02   5.8D-02   2.0D-03    96  3  0
    15   8.7D-01   6.0D-74   5.5D-02   1.0D+02   8.5D-01   4.1D-02   2.3D-02   2.0D-03    96  3  0
    16   1.3D+00   6.0D-74   5.5D-02   1.0D+02   8.5D-01   5.7D-02   5.5D-02   2.0D-03    96  4  0
    17   2.0D+00   6.0D-74   5.5D-02   1.0D+02   8.5D-01   5.6D-02   6.3D-02   2.0D-03    97  4  0
    18   3.0D+00   6.0D-74   5.5D-02   1.0D+02   8.5D-01   5.0D-02   6.0D-02   2.0D-03    88  5  0
    19   4.4D+00   6.0D-74   5.5D-02   1.0D+02   8.5D-01   5.2D-02   5.3D-02   2.0D-03    94  5  0
    20   6.6D+00   6.0D-74   5.5D-02   1.0D+02   8.5D-01   4.9D-02   4.8D-02   1.0D-03    99  5  0
    21   1.0D+01   6.0D-74   5.5D-02   1.0D+02   8.4D-01   5.5D-02   5.4D-02   1.0D-03   100  5  0
    22   1.5D+01   6.0D-74   5.5D-02   1.0D+02   8.3D-01   5.3D-02   6.5D-02   2.0D-03   100  5  0
    23   2.2D+01   6.0D-74   5.5D-02   1.0D+02   8.2D-01   5.5D-02   4.9D-02   2.0D-03    92  6  0
    24   3.4D+01   6.0D-74   5.5D-02   1.0D+02   8.0D-01   5.3D-02   5.0D-02   2.0D-03    99  6  0
    25   5.1D+01   6.0D-74   5.5D-02   1.0D+02   7.7D-01   5.1D-02   5.4D-02   1.0D-03    99  6  0
    26   7.6D+01   6.0D-74   5.5D-02   1.0D+02   7.4D-01   4.9D-02   4.1D-02   0.0D+00    99  6  0
    27   1.1D+02   6.0D-74   5.5D-02   1.0D+02   7.0D-01   5.4D-02   5.7D-02   1.0D-03    99  6  0
    28   1.7D+02   6.0D-74   5.5D-02   1.0D+02   6.5D-01   5.2D-02   3.0D-02   1.0D-03    99  6  0
    29   2.6D+02   6.0D-74   5.5D-02   1.0D+02   6.0D-01   5.4D-02   5.5D-02   0.0D+00    97  6  0
    30   3.8D+02   6.0D-74   5.5D-02   1.0D+02   5.6D-01   5.7D-02   6.5D-02   2.0D-03    91  6  0
    31   5.8D+02   6.0D-74   5.5D-02   1.0D+02   5.3D-01   5.3D-02   4.8D-02   2.0D-03    88  6  0
    32   8.6D+02   6.0D-74   5.5D-02   1.0D+02   5.1D-01   5.0D-02   5.4D-02   1.0D-03    88  6  0
    33   1.3D+03   6.0D-74   5.5D-02   1.0D+02   5.0D-01   5.0D-02   4.9D-02   1.0D-03    99  5  0
    34   1.9D+03   6.0D-74   5.5D-02   1.0D+02   5.0D-01   4.6D-02   5.8D-02   2.0D-03    94  5  0
    35   2.9D+03   6.0D-74   5.5D-02   1.0D+02   5.0D-01   5.2D-02   5.3D-02   2.0D-03    91  5  0
    36   4.4D+03   6.0D-74   5.5D-02   1.0D+02   5.0D-01   4.5D-02   2.7D-02   1.0D-03    93  5  0
    37   6.6D+03   6.0D-74   5.5D-02   1.0D+02   5.0D-01   4.8D-02   4.7D-02   1.0D-03    99  4  0
    38   8.6D+03   6.0D-74   5.5D-02   1.0D+02   5.0D-01   5.8D-02   5.7D-02   2.0D-03    92  5  0
    39   1.0D+04   6.0D-74   5.5D-02   1.0D+02   5.0D-01   4.9D-02   5.2D-02   1.0D-03   100  4  0
