H NUM     Z    A ISOM  ABUNDANCE_MF  ISOTP
 # mod      926 dzeit  9.89E+02 agej  1.7564E+07
 # t9 =    5.734E-02 rho =    3.305E+01
 # densn  1.99037E-74
 # densp  1.63093E+11
 # densa  4.90692E+24
 # total_energy_flux_[erg/(g*s)]  0.00000E+00
    1     0.   1.   1   1.00000E-99  NEUT 
    2     1.   1.   1   8.19408E-15  PROT 
    3     1.   2.   1   9.42198E-25  H   2
    4     2.   3.   1   1.00000E-99  HE  3
    5     2.   4.   1   9.86131E-01  HE  4
    6     4.   7.   1   1.00000E-99  BE  7
    7     5.   8.   1   1.00000E-99  B   8
    8     3.   7.   1   2.73942E-24  LI  7
    9     6.  11.   1   1.00000E-99  C  11
   10     5.  11.   1   3.43252E-09  B  11
   11     6.  12.   1   8.25809E-05  C  12
   12     6.  13.   1   2.22604E-05  C  13
   13     7.  13.   1   1.43907E-21  N  13
   14     7.  14.   1   8.72955E-03  N  14
   15     6.  14.   1   8.95559E-13  C  14
   16     7.  15.   1   1.61656E-07  N  15
   17     8.  16.   1   1.65363E-04  O  16
   18     8.  17.   1   2.95803E-07  O  17
   19     8.  18.   1   6.07190E-10  O  18
   20     9.  17.   1   6.01582E-25  F  17
   21     9.  18.   1   1.07358E-24  F  18
   22     9.  19.   1   1.30069E-10  F  19
   23    10.  20.   1   1.19179E-03  NE 20
   24    10.  21.   1   4.28810E-05  NE 21
   25    10.  22.   1   2.45750E-07  NE 22
   26    11.  22.   1   1.60671E-17  NA 22
   27    11.  23.   1   1.34902E-04  NA 23
   28    12.  23.   1   1.00000E-99  MG 23
   29    12.  24.   1   5.86688E-04  MG 24
   30    12.  25.   1   6.47156E-07  MG 25
   31    12.  26.   1   1.67188E-04  MG 26
   32    13.  26.   1   7.62624E-10  AL 26
   33    13.  27.   1   6.03596E-05  AL 27
   34    14.  27.   1   1.00000E-99  SI 27
   35    14.  28.   1   6.49559E-04  SI 28
   36    14.  29.   1   3.41608E-05  SI 29
   37    14.  30.   1   2.32650E-05  SI 30
   38    15.  31.   1   6.22538E-06  P  31
   39    16.  31.   1   1.00000E-99  S  31
   46     4.   8.   1   1.00000E-99  BE  8
   47     8.  14.   1   1.00000E-99  O  14
   48     8.  15.   1   5.49601E-22  O  15
   49    11.  21.   1   1.12212E-26  NA 21
   50    13.  25.   1   1.00000E-99  AL 25
   51    15.  29.   1   1.00000E-99  P  29
   52    15.  30.   1   1.00000E-99  P  30
   58     9.  20.   1   1.00000E-99  F  20
   59    10.  19.   1   1.00000E-99  NE 19
   60    11.  24.   1   3.03848E-20  NA 24
   61    12.  27.   1   2.40615E-24  MG 27
   62    12.  28.   1   1.00000E-99  MG 28
   63    13.  28.   1   3.80179E-23  AL 28
   64    13.  29.   1   1.00000E-99  AL 29
   65    14.  31.   1   1.35901E-21  SI 31
   66    14.  32.   1   1.00000E-99  SI 32
   67    15.  32.   1   2.52357E-21  P  32
   68    15.  33.   1   1.29734E-22  P  33
   69    15.  34.   1   1.00000E-99  P  34
   70    15.  35.   1   1.00000E-99  P  35
   71    16.  32.   1   3.11273E-04  S  32
   72    16.  33.   1   2.56999E-06  S  33
   73    16.  34.   1   1.49460E-05  S  34
   74    16.  35.   1   2.42884E-20  S  35
   75    16.  36.   1   7.37768E-08  S  36
   76    16.  37.   1   3.20701E-27  S  37
   77    16.  38.   1   1.00000E-99  S  38
   78    17.  34.   1   1.00000E-99  CL 34
   79    17.  35.   1   6.51944E-06  CL 35
   80    17.  36.   1   8.54391E-15  CL 36
   81    17.  37.   1   2.20274E-06  CL 37
   82    17.  38.   1   1.05664E-23  CL 38
   83    17.  39.   1   1.00000E-99  CL 39
   84    17.  40.   1   1.00000E-99  CL 40
   85    18.  35.   1   1.00000E-99  AR 35
   86    18.  36.   1   5.94611E-05  AR 36
   87    18.  37.   1   4.92794E-16  AR 37
   88    18.  38.   1   1.14117E-05  AR 38
   89    18.  39.   1   3.22057E-16  AR 39
   90    18.  40.   1   1.92125E-08  AR 40
   91    18.  41.   1   1.65005E-25  AR 41
   92    18.  42.   1   1.00000E-99  AR 42
   93    18.  43.   1   1.00000E-99  AR 43
   94    18.  44.   1   1.00000E-99  AR 44
   95    19.  38.   1   1.00000E-99  K  38
   96    19.  39.   1   3.02518E-06  K  39
   97    19.  40.   1   4.85419E-09  K  40
   98    19.  41.   1   2.29512E-07  K  41
   99    19.  42.   1   3.41247E-22  K  42
  100    19.  43.   1   1.00000E-99  K  43
  101    19.  44.   1   1.00000E-99  K  44
  102    19.  45.   1   1.00000E-99  K  45
  103    19.  46.   1   1.00000E-99  K  46
  104    20.  39.   1   1.00000E-99  CA 39
  105    20.  40.   1   6.59410E-05  CA 40
  106    20.  41.   1   3.71628E-14  CA 41
  107    20.  42.   1   4.62106E-07  CA 42
  108    20.  43.   1   9.87166E-08  CA 43
  109    20.  44.   1   1.56083E-06  CA 44
  110    20.  45.   1   8.72316E-20  CA 45
  111    20.  46.   1   3.12900E-09  CA 46
  112    20.  47.   1   3.30156E-24  CA 47
  113    20.  48.   1   1.52641E-07  CA 48
  114    20.  49.   1   6.64805E-26  CA 49
  115    21.  43.   1   1.00000E-99  SC 43
  116    21.  44.   1   1.00000E-99  SC 44
  117    21.  45.   1   4.94083E-08  SC 45
  118    21.  46.   1   2.72921E-20  SC 46
  119    21.  47.   1   2.51688E-24  SC 47
  120    21.  48.   1   1.00000E-99  SC 48
  121    21.  49.   1   4.27214E-25  SC 49
  122    21.  50.   1   1.00000E-99  SC 50
  123    22.  44.   1   1.00000E-99  TI 44
  124    22.  45.   1   1.00000E-99  TI 45
  125    22.  46.   1   2.62905E-07  TI 46
  126    22.  47.   1   2.42247E-07  TI 47
  127    22.  48.   1   2.45140E-06  TI 48
  128    22.  49.   1   1.83646E-07  TI 49
  129    22.  50.   1   1.79427E-07  TI 50
  130    22.  51.   1   4.79548E-26  TI 51
  131    22.  52.   1   1.00000E-99  TI 52
  132    23.  47.   1   1.00000E-99  V  47
  133    23.  48.   1   1.00000E-99  V  48
  134    23.  49.   1   1.00000E-99  V  49
  135    23.  50.   1   8.26985E-10  V  50
  136    23.  51.   1   3.36566E-07  V  51
  137    23.  52.   1   7.24828E-24  V  52
  138    23.  53.   1   1.00000E-99  V  53
  139    24.  48.   1   1.00000E-99  CR 48
  140    24.  49.   1   1.00000E-99  CR 49
  141    24.  50.   1   7.37136E-07  CR 50
  142    24.  51.   1   5.42192E-17  CR 51
  143    24.  52.   1   1.47835E-05  CR 52
  144    24.  53.   1   1.70857E-06  CR 53
  145    24.  54.   1   4.33324E-07  CR 54
  146    24.  55.   1   5.62345E-25  CR 55
  147    24.  56.   1   1.00000E-99  CR 56
  148    25.  51.   1   1.00000E-99  MN 51
  149    25.  52.   1   1.00000E-99  MN 52
  150    25.  53.   1   7.80407E-22  MN 53
  151    25.  54.   1   1.00000E-99  MN 54
  152    25.  55.   1   1.15067E-05  MN 55
  153    25.  56.   1   9.67790E-21  MN 56
  154    25.  57.   1   1.00000E-99  MN 57
  155    26.  52.   1   1.00000E-99  FE 52
  156    26.  53.   1   1.00000E-99  FE 53
  157    26.  54.   1   7.75829E-05  FE 54
  158    26.  55.   1   1.18535E-13  FE 55
  159    26.  56.   1   1.26299E-03  FE 56
  160    26.  57.   1   2.96889E-05  FE 57
  161    26.  58.   1   4.02036E-06  FE 58
  162    26.  59.   1   1.80355E-19  FE 59
  163    26.  60.   1   1.00000E-99  FE 60
  164    26.  61.   1   1.00000E-99  FE 61
  165    27.  55.   1   1.00000E-99  CO 55
  166    27.  56.   1   1.00000E-99  CO 56
  167    27.  57.   1   1.00000E-99  CO 57
  168    27.  58.   1   1.00000E-99  CO 58
  169    27.  59.   1   4.48167E-06  CO 59
  170    27.  60.   1   2.80144E-17  CO 60
  171    27.  61.   1   1.00000E-99  CO 61
  172    27.  62.   1   1.00000E-99  CO 62
  173    27.  63.   1   1.00000E-99  CO 63
  174    28.  56.   1   1.00000E-99  NI 56
  175    28.  57.   1   1.00000E-99  NI 57
  176    28.  58.   1   5.09349E-05  NI 58
  177    28.  59.   1   9.81453E-14  NI 59
  178    28.  60.   1   2.02966E-05  NI 60
  179    28.  61.   1   8.96983E-07  NI 61
  180    28.  62.   1   2.90686E-06  NI 62
  181    28.  63.   1   6.74380E-16  NI 63
  182    28.  64.   1   7.64172E-07  NI 64
  183    28.  65.   1   2.86182E-23  NI 65
  184    28.  66.   1   1.00000E-99  NI 66
  185    28.  67.   1   1.00000E-99  NI 67
  186    28.  68.   1   1.00000E-99  NI 68
  187    29.  60.   1   1.00000E-99  CU 60
  188    29.  61.   1   1.00000E-99  CU 61
  189    29.  62.   1   1.00000E-99  CU 62
  190    29.  63.   1   5.24622E-07  CU 63
  191    29.  64.   1   3.28867E-21  CU 64
  192    29.  65.   1   2.41254E-07  CU 65
  193    29.  66.   1   3.17541E-24  CU 66
  194    29.  67.   1   1.00000E-99  CU 67
  195    29.  68.   1   1.00000E-99  CU 68
  196    29.  69.   1   1.00000E-99  CU 69
  197    29.  70.   1   1.00000E-99  CU 70
  198    29.  71.   1   1.00000E-99  CU 71
  199    30.  62.   1   1.00000E-99  ZN 62
  200    30.  63.   1   1.00000E-99  ZN 63
  201    30.  64.   1   8.78359E-07  ZN 64
  202    30.  65.   1   6.46960E-17  ZN 65
  203    30.  66.   1   5.19680E-07  ZN 66
  204    30.  67.   1   7.75258E-08  ZN 67
  205    30.  68.   1   3.59830E-07  ZN 68
  206    30.  69.   1   4.36824E-23  ZN 69
  207    30.  70.   1   1.22483E-08  ZN 70
  208    30.  71.   1   3.90059E-26  ZN 71
  209    30.  72.   1   1.00000E-99  ZN 72
  210    30.  73.   1   1.00000E-99  ZN 73
  211    30.  74.   1   1.00000E-99  ZN 74
  212    31.  65.   1   1.00000E-99  GA 65
  213    31.  66.   1   1.00000E-99  GA 66
  214    31.  67.   1   1.00000E-99  GA 67
  215    31.  68.   1   1.00000E-99  GA 68
  216    31.  69.   1   3.53483E-08  GA 69
  217    31.  70.   1   5.75601E-24  GA 70
  218    31.  71.   1   2.41397E-08  GA 71
  219    31.  72.   1   1.81119E-22  GA 72
  220    31.  73.   1   1.00000E-99  GA 73
  221    31.  74.   1   1.00000E-99  GA 74
  222    31.  75.   1   1.00000E-99  GA 75
  223    32.  66.   1   1.00000E-99  GE 66
  224    32.  67.   1   1.00000E-99  GE 67
  225    32.  68.   1   1.00000E-99  GE 68
  226    32.  69.   1   1.00000E-99  GE 69
  227    32.  70.   1   5.06505E-08  GE 70
  228    32.  71.   1   1.00753E-20  GE 71
  229    32.  72.   1   6.88469E-08  GE 72
  230    32.  73.   1   1.95925E-08  GE 73
  231    32.  74.   1   9.32152E-08  GE 74
  232    32.  75.   1   1.89449E-23  GE 75
  233    32.  76.   1   2.00810E-08  GE 76
  234    32.  77.   1   1.83807E-23  GE 77
  235    32.  78.   1   1.00000E-99  GE 78
  236    33.  69.   1   1.00000E-99  AS 69
  237    33.  70.   1   1.00000E-99  AS 70
  238    33.  71.   1   1.00000E-99  AS 71
  239    33.  72.   1   1.00000E-99  AS 72
  240    33.  73.   1   1.00000E-99  AS 73
  241    33.  74.   1   1.00000E-99  AS 74
  242    33.  75.   1   1.16319E-08  AS 75
  243    33.  76.   1   3.41719E-22  AS 76
  244    33.  77.   1   6.29984E-23  AS 77
  245    33.  78.   1   1.00000E-99  AS 78
  246    33.  79.   1   1.00000E-99  AS 79
  247    33.  80.   1   1.00000E-99  AS 80
  248    33.  81.   1   1.00000E-99  AS 81
  249    34.  72.   1   1.00000E-99  SE 72
  250    34.  73.   1   1.00000E-99  SE 73
  251    34.  74.   1   1.11998E-09  SE 74
  252    34.  75.   1   6.48765E-21  SE 75
  253    34.  76.   1   1.21099E-08  SE 76
  254    34.  77.   1   9.99086E-09  SE 77
  255    34.  78.   1   3.15291E-08  SE 78
  256    34.  79.   1   1.95841E-16  SE 79
  257    34.  80.   1   6.74912E-08  SE 80
  258    34.  81.   1   3.36276E-24  SE 81
  259    34.  82.   1   1.21735E-08  SE 82
  260    34.  83.   1   1.58810E-25  SE 83
  261    34.  84.   1   1.00000E-99  SE 84
  262    35.  74.   1   1.00000E-99  BR 74
  263    35.  75.   1   1.00000E-99  BR 75
  264    35.  76.   1   1.00000E-99  BR 76
  265    35.  77.   1   1.00000E-99  BR 77
  266    35.  78.   1   1.00000E-99  BR 78
  267    35.  79.   1   1.07929E-08  BR 79
  268    35.  80.   1   7.71835E-24  BR 80
  269    35.  81.   1   1.07648E-08  BR 81
  270    35.  82.   1   3.73127E-22  BR 82
  271    35.  83.   1   1.01158E-24  BR 83
  272    35.  84.   1   1.00000E-99  BR 84
  273    35.  85.   1   1.00000E-99  BR 85
  274    35.  86.   1   1.00000E-99  BR 86
  275    35.  87.   1   1.00000E-99  BR 87
  276    36.  76.   1   1.00000E-99  KR 76
  277    36.  77.   1   1.00000E-99  KR 77
  278    36.  78.   1   3.90293E-10  KR 78
  279    36.  79.   1   1.13219E-23  KR 79
  280    36.  80.   1   2.57210E-09  KR 80
  281    36.  81.   1   1.13412E-16  KR 81
  282    36.  82.   1   1.32103E-08  KR 82
  283    36.  83.   1   1.32464E-08  KR 83
  284    36.  84.   1   6.60697E-08  KR 84
  285    36.  85.   1   6.69855E-19  KR 85
  286    36.  86.   1   2.04558E-08  KR 86
  287    36.  87.   1   1.04829E-25  KR 87
  288    36.  88.   1   1.00000E-99  KR 88
  289    36.  89.   1   1.00000E-99  KR 89
  290    36.  90.   1   1.00000E-99  KR 90
  291    37.  79.   1   1.00000E-99  RB 79
  292    37.  80.   1   1.00000E-99  RB 80
  293    37.  81.   1   1.00000E-99  RB 81
  294    37.  82.   1   1.00000E-99  RB 82
  295    37.  83.   1   1.00000E-99  RB 83
  296    37.  84.   1   1.00000E-99  RB 84
  297    37.  85.   1   1.54992E-08  RB 85
  298    37.  86.   1   4.19876E-21  RB 86
  299    37.  87.   1   6.52704E-09  RB 87
  300    37.  88.   1   9.33659E-26  RB 88
  301    37.  89.   1   1.00000E-99  RB 89
  302    37.  90.   1   1.00000E-99  RB 90
  303    37.  91.   1   1.00000E-99  RB 91
  304    38.  80.   1   1.00000E-99  SR 80
  305    38.  81.   1   1.00000E-99  SR 81
  306    38.  82.   1   1.00000E-99  SR 82
  307    38.  83.   1   1.00000E-99  SR 83
  308    38.  84.   1   2.70085E-10  SR 84
  309    38.  85.   1   8.12281E-22  SR 85
  310    38.  86.   1   4.88997E-09  SR 86
  311    38.  87.   1   3.45888E-09  SR 87
  312    38.  88.   1   4.19238E-08  SR 88
  313    38.  89.   1   7.76019E-22  SR 89
  314    38.  90.   1   1.00000E-99  SR 90
  315    38.  91.   1   1.00000E-99  SR 91
  316    38.  92.   1   1.00000E-99  SR 92
  317    38.  93.   1   1.00000E-99  SR 93
  318    38.  94.   1   1.00000E-99  SR 94
  319    39.  85.   1   1.00000E-99  Y  85
  320    39.  86.   1   1.00000E-99  Y  86
  321    39.  87.   1   1.00000E-99  Y  87
  322    39.  88.   1   1.00000E-99  Y  88
  323    39.  89.   1   1.12196E-08  Y  89
  324    39.  90.   1   6.80343E-23  Y  90
  325    39.  91.   1   1.00000E-99  Y  91
  326    39.  92.   1   1.00000E-99  Y  92
  327    39.  93.   1   1.00000E-99  Y  93
  328    39.  94.   1   1.00000E-99  Y  94
  329    39.  95.   1   1.00000E-99  Y  95
  330    39.  96.   1   1.00000E-99  Y  96
  331    40.  86.   1   1.00000E-99  ZR 86
  332    40.  87.   1   1.00000E-99  ZR 87
  333    40.  88.   1   1.00000E-99  ZR 88
  334    40.  89.   1   1.00000E-99  ZR 89
  335    40.  90.   1   1.36841E-08  ZR 90
  336    40.  91.   1   3.01732E-09  ZR 91
  337    40.  92.   1   4.66272E-09  ZR 92
  338    40.  93.   1   2.86678E-17  ZR 93
  339    40.  94.   1   4.82798E-09  ZR 94
  340    40.  95.   1   7.23730E-22  ZR 95
  341    40.  96.   1   7.94359E-10  ZR 96
  342    40.  97.   1   9.84547E-25  ZR 97
  343    40.  98.   1   1.00000E-99  ZR 98
  344    41.  89.   1   1.00000E-99  NB 89
  345    41.  90.   1   1.00000E-99  NB 90
  346    41.  91.   1   1.00000E-99  NB 91
  347    41.  92.   1   1.00000E-99  NB 92
  348    41.  93.   1   2.08483E-09  NB 93
  349    41.  94.   1   4.39022E-19  NB 94
  350    41.  95.   1   3.95032E-22  NB 95
  351    41.  96.   1   1.00000E-99  NB 96
  352    41.  97.   1   7.01490E-26  NB 97
  353    41.  98.   1   1.00000E-99  NB 98
  354    41.  99.   1   1.00000E-99  NB 99
  355    42.  90.   1   1.00000E-99  MO 90
  356    42.  91.   1   1.00000E-99  MO 91
  357    42.  92.   1   7.87937E-10  MO 92
  358    42.  93.   1   4.72096E-18  MO 93
  359    42.  94.   1   5.07206E-10  MO 94
  360    42.  95.   1   8.87180E-10  MO 95
  361    42.  96.   1   9.43728E-10  MO 96
  362    42.  97.   1   5.49017E-10  MO 97
  363    42.  98.   1   1.40943E-09  MO 98
  364    42.  99.   1   3.84213E-23  MO 99
  365    42. 100.   1   5.79263E-10  MO100
  366    42. 101.   1   5.49295E-26  MO101
  367    42. 102.   1   1.00000E-99  MO102
  368    43.  93.   1   1.00000E-99  TC 93
  369    43.  94.   1   1.00000E-99  TC 94
  370    43.  95.   1   1.00000E-99  TC 95
  371    43.  96.   1   1.00000E-99  TC 96
  372    43.  97.   1   4.40426E-18  TC 97
  373    43.  98.   1   9.00254E-27  TC 98
  374    43.  99.   1   1.80997E-17  TC 99
  375    43. 100.   1   1.00000E-99  TC100
  376    43. 101.   1   5.34240E-26  TC101
  377    43. 102.   1   1.00000E-99  TC102
  378    43. 103.   1   1.00000E-99  TC103
  379    43. 104.   1   1.00000E-99  TC104
  380    43. 105.   1   1.00000E-99  TC105
  381    44.  94.   1   1.00000E-99  RU 94
  382    44.  95.   1   1.00000E-99  RU 95
  383    44.  96.   1   2.32471E-10  RU 96
  384    44.  97.   1   1.43348E-23  RU 97
  385    44.  98.   1   8.01042E-11  RU 98
  386    44.  99.   1   5.52171E-10  RU 99
  387    44. 100.   1   5.50755E-10  RU100
  388    44. 101.   1   7.53162E-10  RU101
  389    44. 102.   1   1.40665E-09  RU102
  390    44. 103.   1   3.58442E-23  RU103
  391    44. 104.   1   8.46449E-10  RU104
  392    44. 105.   1   2.04823E-24  RU105
  393    44. 106.   1   1.00000E-99  RU106
  394    45.  98.   1   1.00000E-99  RH 98
  395    45.  99.   1   1.00000E-99  RH 99
  396    45. 100.   1   1.00000E-99  RH100
  397    45. 101.   1   1.00000E-99  RH101
  398    45. 102.   1   1.00000E-99  RH102
  399    45. 103.   1   6.50766E-10  RH103
  400    45. 104.   1   2.00851E-26  RH104
  401    45. 105.   1   1.88527E-23  RH105
  402    45. 106.   1   1.00000E-99  RH106
  403    45. 107.   1   1.00000E-99  RH107
  404    45. 108.   1   1.00000E-99  RH108
  405    46.  99.   1   1.00000E-99  PD 99
  406    46. 100.   1   1.00000E-99  PD100
  407    46. 101.   1   1.00000E-99  PD101
  408    46. 102.   1   3.00461E-11  PD102
  409    46. 103.   1   1.97394E-23  PD103
  410    46. 104.   1   3.34585E-10  PD104
  411    46. 105.   1   6.77120E-10  PD105
  412    46. 106.   1   8.36630E-10  PD106
  413    46. 107.   1   2.16965E-15  PD107
  414    46. 108.   1   8.25280E-10  PD108
  415    46. 109.   1   8.54368E-24  PD109
  416    46. 110.   1   3.72313E-10  PD110
  417    46. 111.   1   8.49128E-26  PD111
  418    46. 112.   1   1.00000E-99  PD112
  419    47. 101.   1   1.00000E-99  AG101
  420    47. 102.   1   1.00000E-99  AG102
  421    47. 103.   1   1.00000E-99  AG103
  422    47. 104.   1   1.00000E-99  AG104
  423    47. 105.   1   1.00000E-99  AG105
  424    47. 106.   1   1.00000E-99  AG106
  425    47. 107.   1   3.75514E-10  AG107
  426    47. 108.   1   3.20900E-26  AG108
  427    47. 109.   1   3.55394E-10  AG109
  428    47. 110.   1   1.23375E-26  AG110
  429    47. 111.   1   4.05479E-23  AG111
  430    47. 112.   1   1.00000E-99  AG112
  431    47. 113.   1   1.00000E-99  AG113
  432    48. 102.   1   1.00000E-99  CD102
  433    48. 103.   1   1.00000E-99  CD103
  434    48. 104.   1   1.00000E-99  CD104
  435    48. 105.   1   1.00000E-99  CD105
  436    48. 106.   1   5.28206E-11  CD106
  437    48. 107.   1   3.83693E-25  CD107
  438    48. 108.   1   3.83179E-11  CD108
  439    48. 109.   1   3.60309E-22  CD109
  440    48. 110.   1   5.47700E-10  CD110
  441    48. 111.   1   5.66397E-10  CD111
  442    48. 112.   1   1.07737E-09  CD112
  443    48. 113.   1   5.50475E-10  CD113
  444    48. 114.   1   1.30565E-09  CD114
  445    48. 115.   1   6.09053E-22  CD115
  446    48. 116.   1   3.46360E-10  CD116
  447    48. 117.   1   2.14062E-25  CD117
  448    48. 118.   1   1.00000E-99  CD118
  449    49. 106.   1   1.00000E-99  IN106
  450    49. 107.   1   1.00000E-99  IN107
  451    49. 108.   1   1.00000E-99  IN108
  452    49. 109.   1   1.00000E-99  IN109
  453    49. 110.   1   1.00000E-99  IN110
  454    49. 111.   1   1.00000E-99  IN111
  455    49. 112.   1   1.00000E-99  IN112
  456    49. 113.   1   2.37752E-11  IN113
  457    49. 114.   1   1.53801E-27  IN114
  458    49. 115.   1   5.39812E-10  IN115
  459    49. 116.   1   4.73414E-27  IN116
  460    49. 117.   1   6.24284E-26  IN117
  461    49. 118.   1   1.00000E-99  IN118
  462    49. 119.   1   1.00000E-99  IN119
  463    50. 108.   1   1.00000E-99  SN108
  464    50. 109.   1   1.00000E-99  SN109
  465    50. 110.   1   1.00000E-99  SN110
  466    50. 111.   1   1.00000E-99  SN111
  467    50. 112.   1   9.25929E-11  SN112
  468    50. 113.   1   2.05166E-22  SN113
  469    50. 114.   1   6.41264E-11  SN114
  470    50. 115.   1   3.33246E-11  SN115
  471    50. 116.   1   1.43751E-09  SN116
  472    50. 117.   1   7.65834E-10  SN117
  473    50. 118.   1   2.43581E-09  SN118
  474    50. 119.   1   8.71220E-10  SN119
  475    50. 120.   1   3.33212E-09  SN120
  476    50. 121.   1   3.04032E-23  SN121
  477    50. 122.   1   4.81425E-10  SN122
  478    50. 123.   1   1.20252E-23  SN123
  479    50. 124.   1   6.11911E-10  SN124
  480    50. 125.   1   5.09335E-24  SN125
  481    50. 126.   1   1.00000E-99  SN126
  482    50. 127.   1   1.00000E-99  SN127
  483    50. 128.   1   1.00000E-99  SN128
  484    50. 129.   1   1.00000E-99  SN129
  485    50. 130.   1   1.00000E-99  SN130
  486    51. 112.   1   1.00000E-99  SB112
  487    51. 113.   1   1.00000E-99  SB113
  488    51. 114.   1   1.00000E-99  SB114
  489    51. 115.   1   1.00000E-99  SB115
  490    51. 116.   1   1.00000E-99  SB116
  491    51. 117.   1   1.00000E-99  SB117
  492    51. 118.   1   1.00000E-99  SB118
  493    51. 119.   1   1.00000E-99  SB119
  494    51. 120.   1   1.00000E-99  SB120
  495    51. 121.   1   5.50611E-10  SB121
  496    51. 122.   1   6.43917E-23  SB122
  497    51. 123.   1   4.18635E-10  SB123
  498    51. 124.   1   5.38139E-25  SB124
  499    51. 125.   1   1.45114E-21  SB125
  500    51. 126.   1   1.00000E-99  SB126
  501    51. 127.   1   1.00000E-99  SB127
  502    51. 128.   1   1.00000E-99  SB128
  503    51. 129.   1   1.00000E-99  SB129
  504    51. 130.   1   1.00000E-99  SB130
  505    51. 131.   1   1.00000E-99  SB131
  506    51. 132.   1   1.00000E-99  SB132
  507    51. 133.   1   1.00000E-99  SB133
  508    52. 114.   1   1.00000E-99  TE114
  509    52. 115.   1   1.00000E-99  TE115
  510    52. 116.   1   1.00000E-99  TE116
  511    52. 117.   1   1.00000E-99  TE117
  512    52. 118.   1   1.00000E-99  TE118
  513    52. 119.   1   1.00000E-99  TE119
  514    52. 120.   1   1.27061E-11  TE120
  515    52. 121.   1   9.93362E-24  TE121
  516    52. 122.   1   3.66006E-10  TE122
  517    52. 123.   1   1.28790E-10  TE123
  518    52. 124.   1   6.91493E-10  TE124
  519    52. 125.   1   1.03972E-09  TE125
  520    52. 126.   1   2.79280E-09  TE126
  521    52. 127.   1   9.02286E-24  TE127
  522    52. 128.   1   4.77974E-09  TE128
  523    52. 129.   1   6.93237E-25  TE129
  524    52. 130.   1   5.21232E-09  TE130
  525    52. 131.   1   1.05083E-25  TE131
  526    52. 132.   1   1.00000E-99  TE132
  527    52. 133.   1   1.00000E-99  TE133
  528    52. 134.   1   1.00000E-99  TE134
  529    53. 117.   1   1.00000E-99  I 117
  530    53. 118.   1   1.00000E-99  I 118
  531    53. 119.   1   1.00000E-99  I 119
  532    53. 120.   1   1.00000E-99  I 120
  533    53. 121.   1   1.00000E-99  I 121
  534    53. 122.   1   1.00000E-99  I 122
  535    53. 123.   1   1.00000E-99  I 123
  536    53. 124.   1   1.00000E-99  I 124
  537    53. 125.   1   9.64142E-23  I 125
  538    53. 126.   1   1.00000E-99  I 126
  539    53. 127.   1   3.50261E-09  I 127
  540    53. 128.   1   3.36379E-24  I 128
  541    53. 129.   1   4.62735E-19  I 129
  542    53. 130.   1   1.00000E-99  I 130
  543    53. 131.   1   4.86450E-23  I 131
  544    53. 132.   1   1.00000E-99  I 132
  545    53. 133.   1   1.00000E-99  I 133
  546    53. 134.   1   1.00000E-99  I 134
  547    53. 135.   1   1.00000E-99  I 135
  548    54. 118.   1   1.00000E-99  XE118
  549    54. 119.   1   1.00000E-99  XE119
  550    54. 120.   1   1.00000E-99  XE120
  551    54. 121.   1   1.00000E-99  XE121
  552    54. 122.   1   1.00000E-99  XE122
  553    54. 123.   1   1.00000E-99  XE123
  554    54. 124.   1   2.04347E-11  XE124
  555    54. 125.   1   1.16605E-24  XE125
  556    54. 126.   1   1.83815E-11  XE126
  557    54. 127.   1   2.27331E-23  XE127
  558    54. 128.   1   3.78308E-10  XE128
  559    54. 129.   1   4.74923E-09  XE129
  560    54. 130.   1   7.68438E-10  XE130
  561    54. 131.   1   3.83865E-09  XE131
  562    54. 132.   1   4.72756E-09  XE132
  563    54. 133.   1   1.25944E-22  XE133
  564    54. 134.   1   1.77205E-09  XE134
  565    54. 135.   1   1.05623E-24  XE135
  566    54. 136.   1   1.46121E-09  XE136
  567    54. 137.   1   1.00000E-99  XE137
  568    54. 138.   1   1.00000E-99  XE138
  569    55. 123.   1   1.00000E-99  CS123
  570    55. 124.   1   1.00000E-99  CS124
  571    55. 125.   1   1.00000E-99  CS125
  572    55. 126.   1   1.00000E-99  CS126
  573    55. 127.   1   1.00000E-99  CS127
  574    55. 128.   1   1.00000E-99  CS128
  575    55. 129.   1   1.00000E-99  CS129
  576    55. 130.   1   1.00000E-99  CS130
  577    55. 131.   1   9.25872E-24  CS131
  578    55. 132.   1   1.00000E-99  CS132
  579    55. 133.   1   1.24291E-09  CS133
  580    55. 134.   1   3.77654E-20  CS134
  581    55. 135.   1   3.80206E-18  CS135
  582    55. 136.   1   1.00000E-99  CS136
  583    55. 137.   1   2.74743E-21  CS137
  584    55. 138.   1   1.00000E-99  CS138
  585    55. 139.   1   1.00000E-99  CS139
  586    56. 124.   1   1.00000E-99  BA124
  587    56. 125.   1   1.00000E-99  BA125
  588    56. 126.   1   1.00000E-99  BA126
  589    56. 127.   1   1.00000E-99  BA127
  590    56. 128.   1   1.00000E-99  BA128
  591    56. 129.   1   1.00000E-99  BA129
  592    56. 130.   1   1.62120E-11  BA130
  593    56. 131.   1   1.34845E-23  BA131
  594    56. 132.   1   1.56849E-11  BA132
  595    56. 133.   1   2.36149E-23  BA133
  596    56. 134.   1   3.81039E-10  BA134
  597    56. 135.   1   1.04698E-09  BA135
  598    56. 136.   1   1.25666E-09  BA136
  599    56. 137.   1   1.81036E-09  BA137
  600    56. 138.   1   1.16406E-08  BA138
  601    56. 139.   1   2.98437E-25  BA139
  602    56. 140.   1   1.00000E-99  BA140
  603    56. 141.   1   1.00000E-99  BA141
  604    56. 142.   1   1.00000E-99  BA142
  605    57. 127.   1   1.00000E-99  LA127
  606    57. 128.   1   1.00000E-99  LA128
  607    57. 129.   1   1.00000E-99  LA129
  608    57. 130.   1   1.00000E-99  LA130
  609    57. 131.   1   1.00000E-99  LA131
  610    57. 132.   1   1.00000E-99  LA132
  611    57. 133.   1   1.00000E-99  LA133
  612    57. 134.   1   1.00000E-99  LA134
  613    57. 135.   1   1.00000E-99  LA135
  614    57. 136.   1   1.00000E-99  LA136
  615    57. 137.   1   8.61875E-24  LA137
  616    57. 138.   1   1.07374E-12  LA138
  617    57. 139.   1   1.35896E-09  LA139
  618    57. 140.   1   8.37804E-24  LA140
  619    57. 141.   1   1.00000E-99  LA141
  620    57. 142.   1   1.00000E-99  LA142
  621    57. 143.   1   1.00000E-99  LA143
  622    58. 130.   1   1.00000E-99  CE130
  623    58. 131.   1   1.00000E-99  CE131
  624    58. 132.   1   1.00000E-99  CE132
  625    58. 133.   1   1.00000E-99  CE133
  626    58. 134.   1   1.00000E-99  CE134
  627    58. 135.   1   1.00000E-99  CE135
  628    58. 136.   1   7.43530E-12  CE136
  629    58. 137.   1   9.40265E-26  CE137
  630    58. 138.   1   1.03210E-11  CE138
  631    58. 139.   1   2.49470E-23  CE139
  632    58. 140.   1   3.65943E-09  CE140
  633    58. 141.   1   9.06037E-23  CE141
  634    58. 142.   1   4.66387E-10  CE142
  635    58. 143.   1   1.55289E-24  CE143
  636    58. 144.   1   1.00000E-99  CE144
  637    58. 145.   1   1.00000E-99  CE145
  638    58. 146.   1   1.00000E-99  CE146
  639    59. 133.   1   1.00000E-99  PR133
  640    59. 134.   1   1.00000E-99  PR134
  641    59. 135.   1   1.00000E-99  PR135
  642    59. 136.   1   1.00000E-99  PR136
  643    59. 137.   1   1.00000E-99  PR137
  644    59. 138.   1   1.00000E-99  PR138
  645    59. 139.   1   1.00000E-99  PR139
  646    59. 140.   1   1.00000E-99  PR140
  647    59. 141.   1   5.75184E-10  PR141
  648    59. 142.   1   1.27304E-23  PR142
  649    59. 143.   1   1.45968E-23  PR143
  650    59. 144.   1   1.00000E-99  PR144
  651    59. 145.   1   1.00000E-99  PR145
  652    59. 146.   1   1.00000E-99  PR146
  653    59. 147.   1   1.00000E-99  PR147
  654    59. 148.   1   1.00000E-99  PR148
  655    59. 149.   1   1.00000E-99  PR149
  656    60. 134.   1   1.00000E-99  ND134
  657    60. 135.   1   1.00000E-99  ND135
  658    60. 136.   1   1.00000E-99  ND136
  659    60. 137.   1   1.00000E-99  ND137
  660    60. 138.   1   1.00000E-99  ND138
  661    60. 139.   1   1.00000E-99  ND139
  662    60. 140.   1   1.00000E-99  ND140
  663    60. 141.   1   1.00000E-99  ND141
  664    60. 142.   1   7.85140E-10  ND142
  665    60. 143.   1   3.51509E-10  ND143
  666    60. 144.   1   6.98602E-10  ND144
  667    60. 145.   1   2.59782E-10  ND145
  668    60. 146.   1   5.11326E-10  ND146
  669    60. 147.   1   3.69836E-23  ND147
  670    60. 148.   1   1.72958E-10  ND148
  671    60. 149.   1   1.71431E-25  ND149
  672    60. 150.   1   1.71616E-10  ND150
  673    60. 151.   1   2.89254E-26  ND151
  674    60. 152.   1   1.00000E-99  ND152
  675    61. 137.   1   1.00000E-99  PM137
  676    61. 138.   1   1.00000E-99  PM138
  677    61. 139.   1   1.00000E-99  PM139
  678    61. 140.   1   1.00000E-99  PM140
  679    61. 141.   1   1.00000E-99  PM141
  680    61. 142.   1   1.00000E-99  PM142
  681    61. 143.   1   1.00000E-99  PM143
  682    61. 144.   1   1.00000E-99  PM144
  683    61. 145.   1   1.58713E-21  PM145
  684    61. 146.   1   1.00000E-99  PM146
  685    61. 147.   1   2.82802E-21  PM147
  686    61. 148.   1   1.00000E-99  PM148
  687    61. 149.   1   5.24208E-24  PM149
  688    61. 150.   1   1.00000E-99  PM150
  689    61. 151.   1   3.97489E-24  PM151
  690    61. 152.   1   1.00000E-99  PM152
  691    61. 153.   1   1.00000E-99  PM153
  692    61. 154.   1   1.00000E-99  PM154
  693    62. 140.   1   1.00000E-99  SM140
  694    62. 141.   1   1.00000E-99  SM141
  695    62. 142.   1   1.00000E-99  SM142
  696    62. 143.   1   1.00000E-99  SM143
  697    62. 144.   1   3.13393E-11  SM144
  698    62. 145.   1   9.01074E-23  SM145
  699    62. 146.   1   1.00000E-99  SM146
  700    62. 147.   1   1.56209E-10  SM147
  701    62. 148.   1   1.17928E-10  SM148
  702    62. 149.   1   1.45976E-10  SM149
  703    62. 150.   1   7.84758E-11  SM150
  704    62. 151.   1   1.27392E-19  SM151
  705    62. 152.   1   2.88241E-10  SM152
  706    62. 153.   1   2.17156E-23  SM153
  707    62. 154.   1   2.48365E-10  SM154
  708    62. 155.   1   7.08108E-26  SM155
  709    62. 156.   1   1.00000E-99  SM156
  710    62. 157.   1   1.00000E-99  SM157
  711    62. 158.   1   1.00000E-99  SM158
  712    63. 143.   1   1.00000E-99  EU143
  713    63. 144.   1   1.00000E-99  EU144
  714    63. 145.   1   1.00000E-99  EU145
  715    63. 146.   1   1.00000E-99  EU146
  716    63. 147.   1   1.00000E-99  EU147
  717    63. 148.   1   1.00000E-99  EU148
  718    63. 149.   1   1.00000E-99  EU149
  719    63. 150.   1   1.00000E-99  EU150
  720    63. 151.   1   1.85816E-10  EU151
  721    63. 152.   1   2.76143E-19  EU152
  722    63. 153.   1   2.05526E-10  EU153
  723    63. 154.   1   1.33128E-19  EU154
  724    63. 155.   1   6.07918E-21  EU155
  725    63. 156.   1   1.00000E-99  EU156
  726    63. 157.   1   1.00000E-99  EU157
  727    63. 158.   1   1.00000E-99  EU158
  728    63. 159.   1   1.00000E-99  EU159
  729    64. 144.   1   1.00000E-99  GD144
  730    64. 145.   1   1.00000E-99  GD145
  731    64. 146.   1   1.00000E-99  GD146
  732    64. 147.   1   1.00000E-99  GD147
  733    64. 148.   1   1.00000E-99  GD148
  734    64. 149.   1   1.00000E-99  GD149
  735    64. 150.   1   1.00000E-99  GD150
  736    64. 151.   1   1.00000E-99  GD151
  737    64. 152.   1   2.77631E-12  GD152
  738    64. 153.   1   8.32961E-23  GD153
  739    64. 154.   1   3.06596E-11  GD154
  740    64. 155.   1   2.09499E-10  GD155
  741    64. 156.   1   2.91629E-10  GD156
  742    64. 157.   1   2.24389E-10  GD157
  743    64. 158.   1   3.58423E-10  GD158
  744    64. 159.   1   7.71780E-24  GD159
  745    64. 160.   1   3.19417E-10  GD160
  746    64. 161.   1   1.44319E-26  GD161
  747    64. 162.   1   1.00000E-99  GD162
  748    65. 147.   1   1.00000E-99  TB147
  749    65. 148.   1   1.00000E-99  TB148
  750    65. 149.   1   1.00000E-99  TB149
  751    65. 150.   1   1.00000E-99  TB150
  752    65. 151.   1   1.00000E-99  TB151
  753    65. 152.   1   1.00000E-99  TB152
  754    65. 153.   1   1.00000E-99  TB153
  755    65. 154.   1   1.00000E-99  TB154
  756    65. 155.   1   1.00000E-99  TB155
  757    65. 156.   1   1.00000E-99  TB156
  758    65. 157.   1   1.72088E-17  TB157
  759    65. 158.   1   1.62698E-25  TB158
  760    65. 159.   1   2.46595E-10  TB159
  761    65. 160.   1   2.40955E-21  TB160
  762    65. 161.   1   3.66262E-23  TB161
  763    65. 162.   1   1.00000E-99  TB162
  764    65. 163.   1   1.00000E-99  TB163
  765    65. 164.   1   1.00000E-99  TB164
  766    65. 165.   1   1.00000E-99  TB165
  767    66. 148.   1   1.00000E-99  DY148
  768    66. 149.   1   1.00000E-99  DY149
  769    66. 150.   1   1.00000E-99  DY150
  770    66. 151.   1   1.00000E-99  DY151
  771    66. 152.   1   1.00000E-99  DY152
  772    66. 153.   1   1.00000E-99  DY153
  773    66. 154.   1   1.00000E-99  DY154
  774    66. 155.   1   1.00000E-99  DY155
  775    66. 156.   1   8.54870E-13  DY156
  776    66. 157.   1   4.35251E-26  DY157
  777    66. 158.   1   1.46882E-12  DY158
  778    66. 159.   1   2.33408E-23  DY159
  779    66. 160.   1   3.64651E-11  DY160
  780    66. 161.   1   2.97593E-10  DY161
  781    66. 162.   1   4.05432E-10  DY162
  782    66. 163.   1   3.08896E-10  DY163
  783    66. 164.   1   4.53528E-10  DY164
  784    66. 165.   1   8.62955E-25  DY165
  785    66. 166.   1   1.00000E-99  DY166
  786    66. 167.   1   1.00000E-99  DY167
  787    66. 168.   1   1.00000E-99  DY168
  788    67. 153.   1   1.00000E-99  HO153
  789    67. 154.   1   1.00000E-99  HO154
  790    67. 155.   1   1.00000E-99  HO155
  791    67. 156.   1   1.00000E-99  HO156
  792    67. 157.   1   1.00000E-99  HO157
  793    67. 158.   1   1.00000E-99  HO158
  794    67. 159.   1   1.00000E-99  HO159
  795    67. 160.   1   1.00000E-99  HO160
  796    67. 161.   1   1.00000E-99  HO161
  797    67. 162.   1   1.00000E-99  HO162
  798    67. 163.   1   8.82082E-11  HO163
  799    67. 164.   1   3.56064E-25  HO164
  800    67. 165.   1   3.87322E-10  HO165
  801    67. 166.   1   2.76619E-22  HO166
  802    67. 167.   1   1.00000E-99  HO167
  803    67. 168.   1   1.00000E-99  HO168
  804    67. 169.   1   1.00000E-99  HO169
  805    68. 154.   1   1.00000E-99  ER154
  806    68. 155.   1   1.00000E-99  ER155
  807    68. 156.   1   1.00000E-99  ER156
  808    68. 157.   1   1.00000E-99  ER157
  809    68. 158.   1   1.00000E-99  ER158
  810    68. 159.   1   1.00000E-99  ER159
  811    68. 160.   1   1.00000E-99  ER160
  812    68. 161.   1   1.00000E-99  ER161
  813    68. 162.   1   1.42443E-12  ER162
  814    68. 163.   1   1.20723E-26  ER163
  815    68. 164.   1   1.69755E-11  ER164
  816    68. 165.   1   8.52788E-25  ER165
  817    68. 166.   1   3.59567E-10  ER166
  818    68. 167.   1   2.46917E-10  ER167
  819    68. 168.   1   2.93026E-10  ER168
  820    68. 169.   1   6.34756E-23  ER169
  821    68. 170.   1   1.63876E-10  ER170
  822    68. 171.   1   1.01936E-24  ER171
  823    68. 172.   1   1.00000E-99  ER172
  824    68. 173.   1   1.00000E-99  ER173
  825    68. 174.   1   1.00000E-99  ER174
  826    68. 175.   1   1.00000E-99  ER175
  827    69. 159.   1   1.00000E-99  TM159
  828    69. 160.   1   1.00000E-99  TM160
  829    69. 161.   1   1.00000E-99  TM161
  830    69. 162.   1   1.00000E-99  TM162
  831    69. 163.   1   1.00000E-99  TM163
  832    69. 164.   1   1.00000E-99  TM164
  833    69. 165.   1   1.00000E-99  TM165
  834    69. 166.   1   1.00000E-99  TM166
  835    69. 167.   1   1.00000E-99  TM167
  836    69. 168.   1   1.00000E-99  TM168
  837    69. 169.   1   1.65377E-10  TM169
  838    69. 170.   1   2.72023E-21  TM170
  839    69. 171.   1   1.84849E-21  TM171
  840    69. 172.   1   1.00000E-99  TM172
  841    69. 173.   1   1.00000E-99  TM173
  842    69. 174.   1   1.00000E-99  TM174
  843    69. 175.   1   1.00000E-99  TM175
  844    69. 176.   1   1.00000E-99  TM176
  845    70. 160.   1   1.00000E-99  YB160
  846    70. 161.   1   1.00000E-99  YB161
  847    70. 162.   1   1.00000E-99  YB162
  848    70. 163.   1   1.00000E-99  YB163
  849    70. 164.   1   1.00000E-99  YB164
  850    70. 165.   1   1.00000E-99  YB165
  851    70. 166.   1   1.00000E-99  YB166
  852    70. 167.   1   1.00000E-99  YB167
  853    70. 168.   1   1.08412E-12  YB168
  854    70. 169.   1   3.74699E-24  YB169
  855    70. 170.   1   2.72429E-11  YB170
  856    70. 171.   1   1.29567E-10  YB171
  857    70. 172.   1   2.00621E-10  YB172
  858    70. 173.   1   1.49782E-10  YB173
  859    70. 174.   1   2.99705E-10  YB174
  860    70. 175.   1   1.29793E-23  YB175
  861    70. 176.   1   1.23041E-10  YB176
  862    70. 177.   1   9.53506E-26  YB177
  863    70. 178.   1   1.00000E-99  YB178
  864    70. 179.   1   1.00000E-99  YB179
  865    70. 180.   1   1.00000E-99  YB180
  866    71. 165.   1   1.00000E-99  LU165
  867    71. 166.   1   1.00000E-99  LU166
  868    71. 167.   1   1.00000E-99  LU167
  869    71. 168.   1   1.00000E-99  LU168
  870    71. 169.   1   1.00000E-99  LU169
  871    71. 170.   1   1.00000E-99  LU170
  872    71. 171.   1   1.00000E-99  LU171
  873    71. 172.   1   1.00000E-99  LU172
  874    71. 173.   1   1.00000E-99  LU173
  875    71. 174.   1   1.00000E-99  LU174
  876    71. 175.   1   1.66418E-10  LU175
  877    71. 176.   1   4.85454E-12  LU176
  878    71. 177.   1   1.16711E-23  LU177
  879    71. 178.   1   1.00000E-99  LU178
  880    71. 179.   1   1.00000E-99  LU179
  881    71. 180.   1   1.00000E-99  LU180
  882    71. 181.   1   1.00000E-99  LU181
  883    71. 182.   1   1.00000E-99  LU182
  884    72. 166.   1   1.00000E-99  HF166
  885    72. 167.   1   1.00000E-99  HF167
  886    72. 168.   1   1.00000E-99  HF168
  887    72. 169.   1   1.00000E-99  HF169
  888    72. 170.   1   1.00000E-99  HF170
  889    72. 171.   1   1.00000E-99  HF171
  890    72. 172.   1   1.00000E-99  HF172
  891    72. 173.   1   1.00000E-99  HF173
  892    72. 174.   1   1.55114E-12  HF174
  893    72. 175.   1   9.73535E-24  HF175
  894    72. 176.   1   5.04218E-11  HF176
  895    72. 177.   1   1.81223E-10  HF177
  896    72. 178.   1   2.67376E-10  HF178
  897    72. 179.   1   1.34247E-10  HF179
  898    72. 180.   1   3.47670E-10  HF180
  899    72. 181.   1   1.33757E-22  HF181
  900    72. 182.   1   1.00000E-99  HF182
  901    72. 183.   1   1.00000E-99  HF183
  902    72. 184.   1   1.00000E-99  HF184
  903    72. 185.   1   1.00000E-99  HF185
  904    73. 169.   1   1.00000E-99  TA169
  905    73. 170.   1   1.00000E-99  TA170
  906    73. 171.   1   1.00000E-99  TA171
  907    73. 172.   1   1.00000E-99  TA172
  908    73. 173.   1   1.00000E-99  TA173
  909    73. 174.   1   1.00000E-99  TA174
  910    73. 175.   1   1.00000E-99  TA175
  911    73. 176.   1   1.00000E-99  TA176
  912    73. 177.   1   1.00000E-99  TA177
  913    73. 178.   1   1.00000E-99  TA178
  914    73. 179.   1   1.00000E-99  TA179
  915    73. 180.   1   1.27362E-14  TA180
  916    73. 181.   1   1.06712E-10  TA181
  917    73. 182.   1   7.53048E-22  TA182
  918    73. 183.   1   1.00000E-99  TA183
  919    73. 184.   1   1.00000E-99  TA184
  920    73. 185.   1   1.00000E-99  TA185
  921    73. 186.   1   1.00000E-99  TA186
  922    74. 172.   1   1.00000E-99  W 172
  923    74. 173.   1   1.00000E-99  W 173
  924    74. 174.   1   1.00000E-99  W 174
  925    74. 175.   1   1.00000E-99  W 175
  926    74. 176.   1   1.00000E-99  W 176
  927    74. 177.   1   1.00000E-99  W 177
  928    74. 178.   1   1.00000E-99  W 178
  929    74. 179.   1   1.00000E-99  W 179
  930    74. 180.   1   1.18862E-12  W 180
  931    74. 181.   1   1.09337E-23  W 181
  932    74. 182.   1   2.65403E-10  W 182
  933    74. 183.   1   1.44105E-10  W 183
  934    74. 184.   1   3.10238E-10  W 184
  935    74. 185.   1   4.75013E-22  W 185
  936    74. 186.   1   2.90990E-10  W 186
  937    74. 187.   1   5.73515E-24  W 187
  938    74. 188.   1   1.00000E-99  W 188
  939    74. 189.   1   1.00000E-99  W 189
  940    74. 190.   1   1.00000E-99  W 190
  941    75. 175.   1   1.00000E-99  RE175
  942    75. 176.   1   1.00000E-99  RE176
  943    75. 177.   1   1.00000E-99  RE177
  944    75. 178.   1   1.00000E-99  RE178
  945    75. 179.   1   1.00000E-99  RE179
  946    75. 180.   1   1.00000E-99  RE180
  947    75. 181.   1   1.00000E-99  RE181
  948    75. 182.   1   1.00000E-99  RE182
  949    75. 183.   1   1.00000E-99  RE183
  950    75. 184.   1   1.00000E-99  RE184
  951    75. 185.   1   9.33179E-11  RE185
  952    75. 186.   1   3.89013E-23  RE186
  953    75. 187.   1   2.14057E-10  RE187
  954    75. 188.   1   1.86979E-23  RE188
  955    75. 189.   1   1.00000E-99  RE189
  956    75. 190.   1   1.00000E-99  RE190
  957    75. 191.   1   1.00000E-99  RE191
  958    76. 179.   1   1.00000E-99  OS179
  959    76. 180.   1   1.00000E-99  OS180
  960    76. 181.   1   1.00000E-99  OS181
  961    76. 182.   1   1.00000E-99  OS182
  962    76. 183.   1   1.00000E-99  OS183
  963    76. 184.   1   7.18515E-13  OS184
  964    76. 185.   1   4.15614E-24  OS185
  965    76. 186.   1   5.80333E-11  OS186
  966    76. 187.   1   2.52422E-12  OS187
  967    76. 188.   1   4.89558E-10  OS188
  968    76. 189.   1   6.00063E-10  OS189
  969    76. 190.   1   9.80999E-10  OS190
  970    76. 191.   1   2.28127E-22  OS191
  971    76. 192.   1   1.50213E-09  OS192
  972    76. 193.   1   2.63401E-23  OS193
  973    76. 194.   1   1.00000E-99  OS194
  974    76. 195.   1   1.00000E-99  OS195
  975    76. 196.   1   1.00000E-99  OS196
  976    77. 181.   1   1.00000E-99  IR181
  977    77. 182.   1   1.00000E-99  IR182
  978    77. 183.   1   1.00000E-99  IR183
  979    77. 184.   1   1.00000E-99  IR184
  980    77. 185.   1   1.00000E-99  IR185
  981    77. 186.   1   1.00000E-99  IR186
  982    77. 187.   1   1.00000E-99  IR187
  983    77. 188.   1   1.00000E-99  IR188
  984    77. 189.   1   1.00000E-99  IR189
  985    77. 190.   1   1.00000E-99  IR190
  986    77. 191.   1   1.32840E-09  IR191
  987    77. 192.   1   1.45216E-20  IR192
  988    77. 193.   1   2.25638E-09  IR193
  989    77. 194.   1   1.84757E-22  IR194
  990    77. 195.   1   1.00000E-99  IR195
  991    77. 196.   1   1.00000E-99  IR196
  992    77. 197.   1   1.00000E-99  IR197
  993    78. 184.   1   1.00000E-99  PT184
  994    78. 185.   1   1.00000E-99  PT185
  995    78. 186.   1   1.00000E-99  PT186
  996    78. 187.   1   1.00000E-99  PT187
  997    78. 188.   1   1.00000E-99  PT188
  998    78. 189.   1   1.00000E-99  PT189
  999    78. 190.   1   8.61925E-13  PT190
 1000    78. 191.   1   1.51275E-25  PT191
 1001    78. 192.   1   4.86517E-11  PT192
 1002    78. 193.   1   4.45879E-17  PT193
 1003    78. 194.   1   2.07238E-09  PT194
 1004    78. 195.   1   2.13772E-09  PT195
 1005    78. 196.   1   1.60313E-09  PT196
 1006    78. 197.   1   1.96019E-23  PT197
 1007    78. 198.   1   4.59566E-10  PT198
 1008    78. 199.   1   9.15829E-26  PT199
 1009    78. 200.   1   1.00000E-99  PT200
 1010    78. 201.   1   1.00000E-99  PT201
 1011    78. 202.   1   1.00000E-99  PT202
 1012    79. 185.   1   1.00000E-99  AU185
 1013    79. 186.   1   1.00000E-99  AU186
 1014    79. 187.   1   1.00000E-99  AU187
 1015    79. 188.   1   1.00000E-99  AU188
 1016    79. 189.   1   1.00000E-99  AU189
 1017    79. 190.   1   1.00000E-99  AU190
 1018    79. 191.   1   1.00000E-99  AU191
 1019    79. 192.   1   1.00000E-99  AU192
 1020    79. 193.   1   1.00000E-99  AU193
 1021    79. 194.   1   1.00000E-99  AU194
 1022    79. 195.   1   1.00000E-99  AU195
 1023    79. 196.   1   1.00000E-99  AU196
 1024    79. 197.   1   1.27366E-09  AU197
 1025    79. 198.   1   2.30580E-22  AU198
 1026    79. 199.   1   1.29926E-23  AU199
 1027    79. 200.   1   1.00000E-99  AU200
 1028    79. 201.   1   1.00000E-99  AU201
 1029    79. 202.   1   1.00000E-99  AU202
 1030    79. 203.   1   1.00000E-99  AU203
 1031    80. 189.   1   1.00000E-99  HG189
 1032    80. 190.   1   1.00000E-99  HG190
 1033    80. 191.   1   1.00000E-99  HG191
 1034    80. 192.   1   1.00000E-99  HG192
 1035    80. 193.   1   1.00000E-99  HG193
 1036    80. 194.   1   1.00000E-99  HG194
 1037    80. 195.   1   1.00000E-99  HG195
 1038    80. 196.   1   3.38014E-12  HG196
 1039    80. 197.   1   1.80534E-25  HG197
 1040    80. 198.   1   2.26959E-10  HG198
 1041    80. 199.   1   3.85972E-10  HG199
 1042    80. 200.   1   5.31165E-10  HG200
 1043    80. 201.   1   3.04578E-10  HG201
 1044    80. 202.   1   6.93472E-10  HG202
 1045    80. 203.   1   7.67558E-24  HG203
 1046    80. 204.   1   1.61129E-10  HG204
 1047    80. 205.   1   1.89101E-27  HG205
 1048    80. 206.   1   1.00000E-99  HG206
 1049    80. 207.   1   1.00000E-99  HG207
 1050    80. 208.   1   1.00000E-99  HG208
 1051    81. 192.   1   1.00000E-99  TL192
 1052    81. 193.   1   1.00000E-99  TL193
 1053    81. 194.   1   1.00000E-99  TL194
 1054    81. 195.   1   1.00000E-99  TL195
 1055    81. 196.   1   1.00000E-99  TL196
 1056    81. 197.   1   1.00000E-99  TL197
 1057    81. 198.   1   1.00000E-99  TL198
 1058    81. 199.   1   1.00000E-99  TL199
 1059    81. 200.   1   1.00000E-99  TL200
 1060    81. 201.   1   1.00000E-99  TL201
 1061    81. 202.   1   1.00000E-99  TL202
 1062    81. 203.   1   3.70049E-10  TL203
 1063    81. 204.   1   5.91104E-21  TL204
 1064    81. 205.   1   8.92037E-10  TL205
 1065    81. 206.   1   4.16289E-18  TL206
 1066    81. 207.   1   1.67066E-26  TL207
 1067    81. 208.   1   1.00000E-99  TL208
 1068    81. 209.   1   1.00000E-99  TL209
 1069    81. 210.   1   1.00000E-99  TL210
 1070    82. 193.   1   1.00000E-99  PB193
 1071    82. 194.   1   1.00000E-99  PB194
 1072    82. 195.   1   1.00000E-99  PB195
 1073    82. 196.   1   1.00000E-99  PB196
 1074    82. 197.   1   1.00000E-99  PB197
 1075    82. 198.   1   1.00000E-99  PB198
 1076    82. 199.   1   1.00000E-99  PB199
 1077    82. 200.   1   1.00000E-99  PB200
 1078    82. 201.   1   1.00000E-99  PB201
 1079    82. 202.   1   1.00000E-99  PB202
 1080    82. 203.   1   1.00000E-99  PB203
 1081    82. 204.   1   1.78072E-10  PB204
 1082    82. 205.   1   5.47192E-21  PB205
 1083    82. 208.   1   5.35127E-09  PB208
 1084    82. 209.   1   1.38922E-27  PB209
 1085    82. 210.   1   1.00000E-99  PB210
 1086    82. 211.   1   1.00000E-99  PB211
 1087    83. 202.   1   1.00000E-99  BI202
 1088    83. 203.   1   1.00000E-99  BI203
 1089    83. 204.   1   1.00000E-99  BI204
 1090    83. 205.   1   1.00000E-99  BI205
 1091    83. 206.   1   1.00000E-99  BI206
 1092    83. 207.   1   1.00000E-99  BI207
 1093    83. 208.   1   1.00000E-99  BI208
 1094    83. 209.   1   7.25661E-10  BI209
 1095    83. 210.   1   4.30220E-19  BI210
 1096    13.  26.   2   1.00000E-99  AL*26
 1097    36.  85.   2   2.31717E-23  KR*85
 1098    48. 115.   2   2.27605E-24  CD*15
 1099    71. 176.   2   1.17185E-24  LU*76
 1100    73. 180.   2   1.00000E-99  TAg80
