H NUM     Z    A ISOM  ABUNDANCE_MF  ISOTP
 # mod      828 dzeit  1.35E+02 agej  1.7212E+06
 # t9 =    2.978E-01 rho =    6.336E+03
 # densn  3.81540E-72
 # densp  3.81540E-72
 # densa  9.53850E-73
 # total_energy_flux_[erg/(g*s)]  0.00000E+00
    1     0.   1.   1   1.00000E-99  NEUT 
    2     1.   1.   1   1.00000E-99  PROT 
    3     1.   2.   1   4.69618E-20  H   2
    4     2.   3.   1   1.00000E-99  HE  3
    5     2.   4.   1   1.00000E-99  HE  4
    6     4.   7.   1   1.00000E-99  BE  7
    7     5.   8.   1   1.00000E-99  B   8
    8     3.   7.   1   1.82228E-20  LI  7
    9     6.  11.   1   1.00000E-99  C  11
   10     5.  11.   1   3.43252E-09  B  11
   11     6.  12.   1   2.95425E-01  C  12
   12     6.  13.   1   8.05626E-11  C  13
   13     7.  13.   1   1.00000E-99  N  13
   14     7.  14.   1   1.81738E-11  N  14
   15     6.  14.   1   5.33882E-15  C  14
   16     7.  15.   1   1.17965E-15  N  15
   17     8.  16.   1   6.85846E-01  O  16
   18     8.  17.   1   1.28370E-06  O  17
   19     8.  18.   1   8.03268E-11  O  18
   20     9.  17.   1   1.00000E-99  F  17
   21     9.  18.   1   1.00000E-99  F  18
   22     9.  19.   1   1.30547E-08  F  19
   23    10.  20.   1   1.25489E-03  NE 20
   24    10.  21.   1   3.81852E-05  NE 21
   25    10.  22.   1   1.32439E-02  NE 22
   26    11.  22.   1   1.00000E-99  NA 22
   27    11.  23.   1   1.35939E-04  NA 23
   28    12.  23.   1   1.00000E-99  MG 23
   29    12.  24.   1   5.85440E-04  MG 24
   30    12.  25.   1   4.96519E-05  MG 25
   31    12.  26.   1   6.72861E-04  MG 26
   32    13.  26.   1   3.07619E-11  AL 26
   33    13.  27.   1   5.94614E-05  AL 27
   34    14.  27.   1   1.00000E-99  SI 27
   35    14.  28.   1   6.48915E-04  SI 28
   36    14.  29.   1   3.48045E-05  SI 29
   37    14.  30.   1   2.58950E-05  SI 30
   38    15.  31.   1   6.54574E-06  P  31
   39    16.  31.   1   1.00000E-99  S  31
   46     4.   8.   1   1.00000E-99  BE  8
   47     8.  14.   1   1.00000E-99  O  14
   48     8.  15.   1   1.00000E-99  O  15
   49    11.  21.   1   1.00000E-99  NA 21
   50    13.  25.   1   1.00000E-99  AL 25
   51    15.  29.   1   1.00000E-99  P  29
   52    15.  30.   1   1.00000E-99  P  30
   58     9.  20.   1   1.00000E-99  F  20
   59    10.  19.   1   1.00000E-99  NE 19
   60    11.  24.   1   1.00000E-99  NA 24
   61    12.  27.   1   1.00000E-99  MG 27
   62    12.  28.   1   1.00000E-99  MG 28
   63    13.  28.   1   1.00000E-99  AL 28
   64    13.  29.   1   1.00000E-99  AL 29
   65    14.  31.   1   1.00000E-99  SI 31
   66    14.  32.   1   1.00000E-99  SI 32
   67    15.  32.   1   1.00000E-99  P  32
   68    15.  33.   1   4.94218E-14  P  33
   69    15.  34.   1   1.00000E-99  P  34
   70    15.  35.   1   1.00000E-99  P  35
   71    16.  32.   1   3.07940E-04  S  32
   72    16.  33.   1   3.98004E-06  S  33
   73    16.  34.   1   1.50345E-05  S  34
   74    16.  35.   1   1.59777E-11  S  35
   75    16.  36.   1   1.31630E-07  S  36
   76    16.  37.   1   1.00000E-99  S  37
   77    16.  38.   1   1.00000E-99  S  38
   78    17.  34.   1   1.00000E-99  CL 34
   79    17.  35.   1   6.19984E-06  CL 35
   80    17.  36.   1   2.72206E-07  CL 36
   81    17.  37.   1   4.77671E-06  CL 37
   82    17.  38.   1   1.00000E-99  CL 38
   83    17.  39.   1   1.00000E-99  CL 39
   84    17.  40.   1   1.00000E-99  CL 40
   85    18.  35.   1   1.00000E-99  AR 35
   86    18.  36.   1   5.69431E-05  AR 36
   87    18.  37.   1   5.70462E-25  AR 37
   88    18.  38.   1   1.20177E-05  AR 38
   89    18.  39.   1   4.41569E-20  AR 39
   90    18.  40.   1   2.18517E-08  AR 40
   91    18.  41.   1   1.00000E-99  AR 41
   92    18.  42.   1   1.00000E-99  AR 42
   93    18.  43.   1   1.00000E-99  AR 43
   94    18.  44.   1   1.00000E-99  AR 44
   95    19.  38.   1   1.00000E-99  K  38
   96    19.  39.   1   3.04991E-06  K  39
   97    19.  40.   1   1.40009E-07  K  40
   98    19.  41.   1   5.90131E-07  K  41
   99    19.  42.   1   1.00000E-99  K  42
  100    19.  43.   1   1.00000E-99  K  43
  101    19.  44.   1   1.00000E-99  K  44
  102    19.  45.   1   1.00000E-99  K  45
  103    19.  46.   1   1.00000E-99  K  46
  104    20.  39.   1   1.00000E-99  CA 39
  105    20.  40.   1   6.41093E-05  CA 40
  106    20.  41.   1   6.09748E-07  CA 41
  107    20.  42.   1   5.42476E-07  CA 42
  108    20.  43.   1   1.02632E-07  CA 43
  109    20.  44.   1   1.53407E-06  CA 44
  110    20.  45.   1   1.64703E-15  CA 45
  111    20.  46.   1   3.05584E-09  CA 46
  112    20.  47.   1   1.00000E-99  CA 47
  113    20.  48.   1   1.52054E-07  CA 48
  114    20.  49.   1   1.00000E-99  CA 49
  115    21.  43.   1   1.00000E-99  SC 43
  116    21.  44.   1   1.00000E-99  SC 44
  117    21.  45.   1   8.74311E-08  SC 45
  118    21.  46.   1   1.00000E-99  SC 46
  119    21.  47.   1   2.25379E-22  SC 47
  120    21.  48.   1   1.00000E-99  SC 48
  121    21.  49.   1   1.00000E-99  SC 49
  122    21.  50.   1   1.00000E-99  SC 50
  123    22.  44.   1   1.00000E-99  TI 44
  124    22.  45.   1   1.00000E-99  TI 45
  125    22.  46.   1   2.59378E-07  TI 46
  126    22.  47.   1   1.92241E-07  TI 47
  127    22.  48.   1   2.15826E-06  TI 48
  128    22.  49.   1   5.25904E-07  TI 49
  129    22.  50.   1   2.14529E-07  TI 50
  130    22.  51.   1   1.00000E-99  TI 51
  131    22.  52.   1   1.00000E-99  TI 52
  132    23.  47.   1   1.00000E-99  V  47
  133    23.  48.   1   1.00000E-99  V  48
  134    23.  49.   1   2.49661E-25  V  49
  135    23.  50.   1   6.17313E-10  V  50
  136    23.  51.   1   4.23298E-07  V  51
  137    23.  52.   1   1.00000E-99  V  52
  138    23.  53.   1   1.00000E-99  V  53
  139    24.  48.   1   1.00000E-99  CR 48
  140    24.  49.   1   1.00000E-99  CR 49
  141    24.  50.   1   5.53844E-07  CR 50
  142    24.  51.   1   3.81623E-26  CR 51
  143    24.  52.   1   1.44819E-05  CR 52
  144    24.  53.   1   1.49244E-06  CR 53
  145    24.  54.   1   1.04950E-06  CR 54
  146    24.  55.   1   1.00000E-99  CR 55
  147    24.  56.   1   1.00000E-99  CR 56
  148    25.  51.   1   1.00000E-99  MN 51
  149    25.  52.   1   1.00000E-99  MN 52
  150    25.  53.   1   2.50056E-19  MN 53
  151    25.  54.   1   1.00000E-99  MN 54
  152    25.  55.   1   2.06830E-05  MN 55
  153    25.  56.   1   1.00000E-99  MN 56
  154    25.  57.   1   1.00000E-99  MN 57
  155    26.  52.   1   1.00000E-99  FE 52
  156    26.  53.   1   1.00000E-99  FE 53
  157    26.  54.   1   6.45475E-05  FE 54
  158    26.  55.   1   6.07207E-23  FE 55
  159    26.  56.   1   1.22617E-03  FE 56
  160    26.  57.   1   6.18534E-05  FE 57
  161    26.  58.   1   1.33423E-05  FE 58
  162    26.  59.   1   1.00000E-99  FE 59
  163    26.  60.   1   6.82571E-14  FE 60
  164    26.  61.   1   1.00000E-99  FE 61
  165    27.  55.   1   1.00000E-99  CO 55
  166    27.  56.   1   1.00000E-99  CO 56
  167    27.  57.   1   1.54779E-23  CO 57
  168    27.  58.   1   1.00000E-99  CO 58
  169    27.  59.   1   9.67061E-06  CO 59
  170    27.  60.   1   1.73636E-27  CO 60
  171    27.  61.   1   1.00000E-99  CO 61
  172    27.  62.   1   1.00000E-99  CO 62
  173    27.  63.   1   1.00000E-99  CO 63
  174    28.  56.   1   1.00000E-99  NI 56
  175    28.  57.   1   1.00000E-99  NI 57
  176    28.  58.   1   4.44380E-05  NI 58
  177    28.  59.   1   1.07117E-07  NI 59
  178    28.  60.   1   1.91799E-05  NI 60
  179    28.  61.   1   2.98804E-06  NI 61
  180    28.  62.   1   3.25733E-06  NI 62
  181    28.  63.   1   3.41904E-10  NI 63
  182    28.  64.   1   7.97097E-07  NI 64
  183    28.  65.   1   1.00000E-99  NI 65
  184    28.  66.   1   1.00000E-99  NI 66
  185    28.  67.   1   1.00000E-99  NI 67
  186    28.  68.   1   1.00000E-99  NI 68
  187    29.  60.   1   1.00000E-99  CU 60
  188    29.  61.   1   1.00000E-99  CU 61
  189    29.  62.   1   1.00000E-99  CU 62
  190    29.  63.   1   8.64611E-07  CU 63
  191    29.  64.   1   1.95849E-21  CU 64
  192    29.  65.   1   4.50364E-07  CU 65
  193    29.  66.   1   1.00000E-99  CU 66
  194    29.  67.   1   1.00000E-99  CU 67
  195    29.  68.   1   1.00000E-99  CU 68
  196    29.  69.   1   1.00000E-99  CU 69
  197    29.  70.   1   1.00000E-99  CU 70
  198    29.  71.   1   1.00000E-99  CU 71
  199    30.  62.   1   1.00000E-99  ZN 62
  200    30.  63.   1   1.00000E-99  ZN 63
  201    30.  64.   1   7.84492E-07  ZN 64
  202    30.  65.   1   1.00000E-99  ZN 65
  203    30.  66.   1   4.84023E-07  ZN 66
  204    30.  67.   1   9.55195E-08  ZN 67
  205    30.  68.   1   3.87588E-07  ZN 68
  206    30.  69.   1   1.00000E-99  ZN 69
  207    30.  70.   1   1.11413E-08  ZN 70
  208    30.  71.   1   1.00000E-99  ZN 71
  209    30.  72.   1   1.00000E-99  ZN 72
  210    30.  73.   1   1.00000E-99  ZN 73
  211    30.  74.   1   1.00000E-99  ZN 74
  212    31.  65.   1   1.00000E-99  GA 65
  213    31.  66.   1   1.00000E-99  GA 66
  214    31.  67.   1   1.00000E-99  GA 67
  215    31.  68.   1   1.00000E-99  GA 68
  216    31.  69.   1   4.93639E-08  GA 69
  217    31.  70.   1   1.00000E-99  GA 70
  218    31.  71.   1   2.96725E-08  GA 71
  219    31.  72.   1   1.00000E-99  GA 72
  220    31.  73.   1   1.00000E-99  GA 73
  221    31.  74.   1   1.00000E-99  GA 74
  222    31.  75.   1   1.00000E-99  GA 75
  223    32.  66.   1   1.00000E-99  GE 66
  224    32.  67.   1   1.00000E-99  GE 67
  225    32.  68.   1   1.00000E-99  GE 68
  226    32.  69.   1   1.00000E-99  GE 69
  227    32.  70.   1   5.80233E-08  GE 70
  228    32.  71.   1   1.00000E-99  GE 71
  229    32.  72.   1   6.33257E-08  GE 72
  230    32.  73.   1   1.85743E-08  GE 73
  231    32.  74.   1   9.99578E-08  GE 74
  232    32.  75.   1   1.00000E-99  GE 75
  233    32.  76.   1   1.81951E-08  GE 76
  234    32.  77.   1   1.00000E-99  GE 77
  235    32.  78.   1   1.00000E-99  GE 78
  236    33.  69.   1   1.00000E-99  AS 69
  237    33.  70.   1   1.00000E-99  AS 70
  238    33.  71.   1   1.00000E-99  AS 71
  239    33.  72.   1   1.00000E-99  AS 72
  240    33.  73.   1   1.00000E-99  AS 73
  241    33.  74.   1   1.00000E-99  AS 74
  242    33.  75.   1   1.04292E-08  AS 75
  243    33.  76.   1   1.00000E-99  AS 76
  244    33.  77.   1   1.00000E-99  AS 77
  245    33.  78.   1   1.00000E-99  AS 78
  246    33.  79.   1   1.00000E-99  AS 79
  247    33.  80.   1   1.00000E-99  AS 80
  248    33.  81.   1   1.00000E-99  AS 81
  249    34.  72.   1   1.00000E-99  SE 72
  250    34.  73.   1   1.00000E-99  SE 73
  251    34.  74.   1   3.45518E-10  SE 74
  252    34.  75.   1   1.00000E-99  SE 75
  253    34.  76.   1   1.93823E-08  SE 76
  254    34.  77.   1   8.45509E-09  SE 77
  255    34.  78.   1   3.78664E-08  SE 78
  256    34.  79.   1   3.84570E-15  SE 79
  257    34.  80.   1   5.61873E-08  SE 80
  258    34.  81.   1   1.00000E-99  SE 81
  259    34.  82.   1   1.16480E-08  SE 82
  260    34.  83.   1   1.00000E-99  SE 83
  261    34.  84.   1   1.00000E-99  SE 84
  262    35.  74.   1   1.00000E-99  BR 74
  263    35.  75.   1   1.00000E-99  BR 75
  264    35.  76.   1   1.00000E-99  BR 76
  265    35.  77.   1   1.00000E-99  BR 77
  266    35.  78.   1   1.00000E-99  BR 78
  267    35.  79.   1   4.13394E-09  BR 79
  268    35.  80.   1   1.00000E-99  BR 80
  269    35.  81.   1   1.64349E-08  BR 81
  270    35.  82.   1   8.41487E-22  BR 82
  271    35.  83.   1   1.00000E-99  BR 83
  272    35.  84.   1   1.00000E-99  BR 84
  273    35.  85.   1   1.00000E-99  BR 85
  274    35.  86.   1   1.00000E-99  BR 86
  275    35.  87.   1   1.00000E-99  BR 87
  276    36.  76.   1   1.00000E-99  KR 76
  277    36.  77.   1   1.00000E-99  KR 77
  278    36.  78.   1   1.30242E-10  KR 78
  279    36.  79.   1   1.00000E-99  KR 79
  280    36.  80.   1   8.41050E-09  KR 80
  281    36.  81.   1   4.47338E-15  KR 81
  282    36.  82.   1   2.25666E-08  KR 82
  283    36.  83.   1   8.78820E-09  KR 83
  284    36.  84.   1   6.74205E-08  KR 84
  285    36.  85.   1   1.00000E-99  KR 85
  286    36.  86.   1   2.01557E-08  KR 86
  287    36.  87.   1   1.00000E-99  KR 87
  288    36.  88.   1   1.00000E-99  KR 88
  289    36.  89.   1   1.00000E-99  KR 89
  290    36.  90.   1   1.00000E-99  KR 90
  291    37.  79.   1   1.00000E-99  RB 79
  292    37.  80.   1   1.00000E-99  RB 80
  293    37.  81.   1   1.00000E-99  RB 81
  294    37.  82.   1   1.00000E-99  RB 82
  295    37.  83.   1   1.00000E-99  RB 83
  296    37.  84.   1   1.00000E-99  RB 84
  297    37.  85.   1   1.41038E-08  RB 85
  298    37.  86.   1   1.00000E-99  RB 86
  299    37.  87.   1   6.45083E-09  RB 87
  300    37.  88.   1   1.00000E-99  RB 88
  301    37.  89.   1   1.00000E-99  RB 89
  302    37.  90.   1   1.00000E-99  RB 90
  303    37.  91.   1   1.00000E-99  RB 91
  304    38.  80.   1   1.00000E-99  SR 80
  305    38.  81.   1   1.00000E-99  SR 81
  306    38.  82.   1   1.00000E-99  SR 82
  307    38.  83.   1   1.00000E-99  SR 83
  308    38.  84.   1   5.51596E-11  SR 84
  309    38.  85.   1   1.00000E-99  SR 85
  310    38.  86.   1   1.51449E-08  SR 86
  311    38.  87.   1   4.82679E-09  SR 87
  312    38.  88.   1   4.30025E-08  SR 88
  313    38.  89.   1   1.00000E-99  SR 89
  314    38.  90.   1   1.00000E-99  SR 90
  315    38.  91.   1   1.00000E-99  SR 91
  316    38.  92.   1   1.00000E-99  SR 92
  317    38.  93.   1   1.00000E-99  SR 93
  318    38.  94.   1   1.00000E-99  SR 94
  319    39.  85.   1   1.00000E-99  Y  85
  320    39.  86.   1   1.00000E-99  Y  86
  321    39.  87.   1   1.00000E-99  Y  87
  322    39.  88.   1   1.00000E-99  Y  88
  323    39.  89.   1   1.14148E-08  Y  89
  324    39.  90.   1   1.00000E-99  Y  90
  325    39.  91.   1   1.00000E-99  Y  91
  326    39.  92.   1   1.00000E-99  Y  92
  327    39.  93.   1   1.00000E-99  Y  93
  328    39.  94.   1   1.00000E-99  Y  94
  329    39.  95.   1   1.00000E-99  Y  95
  330    39.  96.   1   1.00000E-99  Y  96
  331    40.  86.   1   1.00000E-99  ZR 86
  332    40.  87.   1   1.00000E-99  ZR 87
  333    40.  88.   1   1.00000E-99  ZR 88
  334    40.  89.   1   1.00000E-99  ZR 89
  335    40.  90.   1   1.36842E-08  ZR 90
  336    40.  91.   1   3.10383E-09  ZR 91
  337    40.  92.   1   4.80631E-09  ZR 92
  338    40.  93.   1   3.85420E-10  ZR 93
  339    40.  94.   1   4.36079E-09  ZR 94
  340    40.  95.   1   1.00000E-99  ZR 95
  341    40.  96.   1   7.49876E-10  ZR 96
  342    40.  97.   1   1.00000E-99  ZR 97
  343    40.  98.   1   1.00000E-99  ZR 98
  344    41.  89.   1   1.00000E-99  NB 89
  345    41.  90.   1   1.00000E-99  NB 90
  346    41.  91.   1   1.00000E-99  NB 91
  347    41.  92.   1   1.00000E-99  NB 92
  348    41.  93.   1   9.18597E-10  NB 93
  349    41.  94.   1   1.00000E-99  NB 94
  350    41.  95.   1   1.00000E-99  NB 95
  351    41.  96.   1   1.00000E-99  NB 96
  352    41.  97.   1   1.00000E-99  NB 97
  353    41.  98.   1   1.00000E-99  NB 98
  354    41.  99.   1   1.00000E-99  NB 99
  355    42.  90.   1   1.00000E-99  MO 90
  356    42.  91.   1   1.00000E-99  MO 91
  357    42.  92.   1   5.43380E-10  MO 92
  358    42.  93.   1   1.52310E-13  MO 93
  359    42.  94.   1   1.69808E-09  MO 94
  360    42.  95.   1   9.19893E-10  MO 95
  361    42.  96.   1   1.45869E-09  MO 96
  362    42.  97.   1   5.33028E-10  MO 97
  363    42.  98.   1   1.57637E-09  MO 98
  364    42.  99.   1   1.00000E-99  MO 99
  365    42. 100.   1   3.60429E-10  MO100
  366    42. 101.   1   1.00000E-99  MO101
  367    42. 102.   1   1.00000E-99  MO102
  368    43.  93.   1   1.00000E-99  TC 93
  369    43.  94.   1   1.00000E-99  TC 94
  370    43.  95.   1   1.00000E-99  TC 95
  371    43.  96.   1   1.00000E-99  TC 96
  372    43.  97.   1   2.08135E-14  TC 97
  373    43.  98.   1   1.00000E-99  TC 98
  374    43.  99.   1   1.00000E-99  TC 99
  375    43. 100.   1   1.00000E-99  TC100
  376    43. 101.   1   1.00000E-99  TC101
  377    43. 102.   1   1.00000E-99  TC102
  378    43. 103.   1   1.00000E-99  TC103
  379    43. 104.   1   1.00000E-99  TC104
  380    43. 105.   1   1.00000E-99  TC105
  381    44.  94.   1   1.00000E-99  RU 94
  382    44.  95.   1   1.00000E-99  RU 95
  383    44.  96.   1   9.50221E-11  RU 96
  384    44.  97.   1   1.00000E-99  RU 97
  385    44.  98.   1   7.79996E-11  RU 98
  386    44.  99.   1   2.99342E-10  RU 99
  387    44. 100.   1   8.48978E-10  RU100
  388    44. 101.   1   2.33029E-10  RU101
  389    44. 102.   1   1.67445E-09  RU102
  390    44. 103.   1   1.00000E-99  RU103
  391    44. 104.   1   4.04626E-10  RU104
  392    44. 105.   1   1.00000E-99  RU105
  393    44. 106.   1   1.00000E-99  RU106
  394    45.  98.   1   1.00000E-99  RH 98
  395    45.  99.   1   1.00000E-99  RH 99
  396    45. 100.   1   1.00000E-99  RH100
  397    45. 101.   1   1.00000E-99  RH101
  398    45. 102.   1   1.00000E-99  RH102
  399    45. 103.   1   3.26856E-10  RH103
  400    45. 104.   1   1.00000E-99  RH104
  401    45. 105.   1   1.00000E-99  RH105
  402    45. 106.   1   1.00000E-99  RH106
  403    45. 107.   1   1.00000E-99  RH107
  404    45. 108.   1   1.00000E-99  RH108
  405    46.  99.   1   1.00000E-99  PD 99
  406    46. 100.   1   1.00000E-99  PD100
  407    46. 101.   1   1.00000E-99  PD101
  408    46. 102.   1   6.00049E-12  PD102
  409    46. 103.   1   1.00000E-99  PD103
  410    46. 104.   1   9.27936E-10  PD104
  411    46. 105.   1   3.07206E-10  PD105
  412    46. 106.   1   1.29681E-09  PD106
  413    46. 107.   1   1.83530E-10  PD107
  414    46. 108.   1   1.14901E-09  PD108
  415    46. 109.   1   1.00000E-99  PD109
  416    46. 110.   1   1.83890E-10  PD110
  417    46. 111.   1   1.00000E-99  PD111
  418    46. 112.   1   1.00000E-99  PD112
  419    47. 101.   1   1.00000E-99  AG101
  420    47. 102.   1   1.00000E-99  AG102
  421    47. 103.   1   1.00000E-99  AG103
  422    47. 104.   1   1.00000E-99  AG104
  423    47. 105.   1   1.00000E-99  AG105
  424    47. 106.   1   1.00000E-99  AG106
  425    47. 107.   1   1.04264E-10  AG107
  426    47. 108.   1   1.00000E-99  AG108
  427    47. 109.   1   3.57208E-10  AG109
  428    47. 110.   1   1.00000E-99  AG110
  429    47. 111.   1   1.00000E-99  AG111
  430    47. 112.   1   1.00000E-99  AG112
  431    47. 113.   1   1.00000E-99  AG113
  432    48. 102.   1   1.00000E-99  CD102
  433    48. 103.   1   1.00000E-99  CD103
  434    48. 104.   1   1.00000E-99  CD104
  435    48. 105.   1   1.00000E-99  CD105
  436    48. 106.   1   1.40167E-11  CD106
  437    48. 107.   1   1.00000E-99  CD107
  438    48. 108.   1   1.98417E-10  CD108
  439    48. 109.   1   1.00000E-99  CD109
  440    48. 110.   1   8.36513E-10  CD110
  441    48. 111.   1   3.26718E-10  CD111
  442    48. 112.   1   1.23520E-09  CD112
  443    48. 113.   1   2.36154E-10  CD113
  444    48. 114.   1   1.63549E-09  CD114
  445    48. 115.   1   1.00000E-99  CD115
  446    48. 116.   1   2.44727E-10  CD116
  447    48. 117.   1   1.00000E-99  CD117
  448    48. 118.   1   1.00000E-99  CD118
  449    49. 106.   1   1.00000E-99  IN106
  450    49. 107.   1   1.00000E-99  IN107
  451    49. 108.   1   1.00000E-99  IN108
  452    49. 109.   1   1.00000E-99  IN109
  453    49. 110.   1   1.00000E-99  IN110
  454    49. 111.   1   1.00000E-99  IN111
  455    49. 112.   1   1.00000E-99  IN112
  456    49. 113.   1   1.61304E-10  IN113
  457    49. 114.   1   1.00000E-99  IN114
  458    49. 115.   1   2.84551E-10  IN115
  459    49. 116.   1   1.00000E-99  IN116
  460    49. 117.   1   1.00000E-99  IN117
  461    49. 118.   1   1.00000E-99  IN118
  462    49. 119.   1   1.00000E-99  IN119
  463    50. 108.   1   1.00000E-99  SN108
  464    50. 109.   1   1.00000E-99  SN109
  465    50. 110.   1   1.00000E-99  SN110
  466    50. 111.   1   1.00000E-99  SN111
  467    50. 112.   1   3.62476E-11  SN112
  468    50. 113.   1   1.00000E-99  SN113
  469    50. 114.   1   9.30010E-11  SN114
  470    50. 115.   1   7.77470E-11  SN115
  471    50. 116.   1   1.87525E-09  SN116
  472    50. 117.   1   6.62460E-10  SN117
  473    50. 118.   1   2.64792E-09  SN118
  474    50. 119.   1   8.31897E-10  SN119
  475    50. 120.   1   3.52835E-09  SN120
  476    50. 121.   1   1.00000E-99  SN121
  477    50. 122.   1   4.38506E-10  SN122
  478    50. 123.   1   1.00000E-99  SN123
  479    50. 124.   1   5.66264E-10  SN124
  480    50. 125.   1   1.00000E-99  SN125
  481    50. 126.   1   9.54076E-23  SN126
  482    50. 127.   1   1.00000E-99  SN127
  483    50. 128.   1   1.00000E-99  SN128
  484    50. 129.   1   1.00000E-99  SN129
  485    50. 130.   1   1.00000E-99  SN130
  486    51. 112.   1   1.00000E-99  SB112
  487    51. 113.   1   1.00000E-99  SB113
  488    51. 114.   1   1.00000E-99  SB114
  489    51. 115.   1   1.00000E-99  SB115
  490    51. 116.   1   1.00000E-99  SB116
  491    51. 117.   1   1.00000E-99  SB117
  492    51. 118.   1   1.00000E-99  SB118
  493    51. 119.   1   1.00000E-99  SB119
  494    51. 120.   1   1.00000E-99  SB120
  495    51. 121.   1   3.06102E-10  SB121
  496    51. 122.   1   1.00000E-99  SB122
  497    51. 123.   1   4.46426E-10  SB123
  498    51. 124.   1   1.00000E-99  SB124
  499    51. 125.   1   1.00000E-99  SB125
  500    51. 126.   1   1.00000E-99  SB126
  501    51. 127.   1   1.00000E-99  SB127
  502    51. 128.   1   1.00000E-99  SB128
  503    51. 129.   1   1.00000E-99  SB129
  504    51. 130.   1   1.00000E-99  SB130
  505    51. 131.   1   1.00000E-99  SB131
  506    51. 132.   1   1.00000E-99  SB132
  507    51. 133.   1   1.00000E-99  SB133
  508    52. 114.   1   1.00000E-99  TE114
  509    52. 115.   1   1.00000E-99  TE115
  510    52. 116.   1   1.00000E-99  TE116
  511    52. 117.   1   1.00000E-99  TE117
  512    52. 118.   1   1.00000E-99  TE118
  513    52. 119.   1   1.00000E-99  TE119
  514    52. 120.   1   1.41709E-12  TE120
  515    52. 121.   1   1.00000E-99  TE121
  516    52. 122.   1   5.61029E-10  TE122
  517    52. 123.   1   3.32572E-13  TE123
  518    52. 124.   1   9.46507E-10  TE124
  519    52. 125.   1   4.19960E-10  TE125
  520    52. 126.   1   2.97023E-09  TE126
  521    52. 127.   1   1.00000E-99  TE127
  522    52. 128.   1   4.09493E-09  TE128
  523    52. 129.   1   1.00000E-99  TE129
  524    52. 130.   1   4.88322E-09  TE130
  525    52. 131.   1   1.00000E-99  TE131
  526    52. 132.   1   1.00000E-99  TE132
  527    52. 133.   1   1.00000E-99  TE133
  528    52. 134.   1   1.00000E-99  TE134
  529    53. 117.   1   1.00000E-99  I 117
  530    53. 118.   1   1.00000E-99  I 118
  531    53. 119.   1   1.00000E-99  I 119
  532    53. 120.   1   1.00000E-99  I 120
  533    53. 121.   1   1.00000E-99  I 121
  534    53. 122.   1   1.00000E-99  I 122
  535    53. 123.   1   1.00000E-99  I 123
  536    53. 124.   1   1.00000E-99  I 124
  537    53. 125.   1   1.00000E-99  I 125
  538    53. 126.   1   1.00000E-99  I 126
  539    53. 127.   1   5.79405E-10  I 127
  540    53. 128.   1   1.00000E-99  I 128
  541    53. 129.   1   1.00000E-99  I 129
  542    53. 130.   1   1.17143E-25  I 130
  543    53. 131.   1   1.00000E-99  I 131
  544    53. 132.   1   1.00000E-99  I 132
  545    53. 133.   1   1.00000E-99  I 133
  546    53. 134.   1   1.00000E-99  I 134
  547    53. 135.   1   1.00000E-99  I 135
  548    54. 118.   1   1.00000E-99  XE118
  549    54. 119.   1   1.00000E-99  XE119
  550    54. 120.   1   1.00000E-99  XE120
  551    54. 121.   1   1.00000E-99  XE121
  552    54. 122.   1   1.00000E-99  XE122
  553    54. 123.   1   1.00000E-99  XE123
  554    54. 124.   1   1.41509E-12  XE124
  555    54. 125.   1   1.00000E-99  XE125
  556    54. 126.   1   3.99918E-12  XE126
  557    54. 127.   1   1.00000E-99  XE127
  558    54. 128.   1   2.07210E-09  XE128
  559    54. 129.   1   1.34421E-09  XE129
  560    54. 130.   1   5.14125E-09  XE130
  561    54. 131.   1   2.19322E-09  XE131
  562    54. 132.   1   7.12442E-09  XE132
  563    54. 133.   1   1.00000E-99  XE133
  564    54. 134.   1   1.62314E-09  XE134
  565    54. 135.   1   1.00000E-99  XE135
  566    54. 136.   1   1.45317E-09  XE136
  567    54. 137.   1   1.00000E-99  XE137
  568    54. 138.   1   1.00000E-99  XE138
  569    55. 123.   1   1.00000E-99  CS123
  570    55. 124.   1   1.00000E-99  CS124
  571    55. 125.   1   1.00000E-99  CS125
  572    55. 126.   1   1.00000E-99  CS126
  573    55. 127.   1   1.00000E-99  CS127
  574    55. 128.   1   1.00000E-99  CS128
  575    55. 129.   1   1.00000E-99  CS129
  576    55. 130.   1   1.00000E-99  CS130
  577    55. 131.   1   1.00000E-99  CS131
  578    55. 132.   1   1.00000E-99  CS132
  579    55. 133.   1   8.96156E-10  CS133
  580    55. 134.   1   1.00000E-99  CS134
  581    55. 135.   1   1.12848E-23  CS135
  582    55. 136.   1   1.00000E-99  CS136
  583    55. 137.   1   1.00000E-99  CS137
  584    55. 138.   1   1.00000E-99  CS138
  585    55. 139.   1   1.00000E-99  CS139
  586    56. 124.   1   1.00000E-99  BA124
  587    56. 125.   1   1.00000E-99  BA125
  588    56. 126.   1   1.00000E-99  BA126
  589    56. 127.   1   1.00000E-99  BA127
  590    56. 128.   1   1.00000E-99  BA128
  591    56. 129.   1   1.00000E-99  BA129
  592    56. 130.   1   7.68608E-13  BA130
  593    56. 131.   1   1.00000E-99  BA131
  594    56. 132.   1   3.06258E-12  BA132
  595    56. 133.   1   1.00000E-99  BA133
  596    56. 134.   1   1.73843E-09  BA134
  597    56. 135.   1   6.36565E-10  BA135
  598    56. 136.   1   2.20772E-09  BA136
  599    56. 137.   1   1.73520E-09  BA137
  600    56. 138.   1   1.20307E-08  BA138
  601    56. 139.   1   1.00000E-99  BA139
  602    56. 140.   1   1.00000E-99  BA140
  603    56. 141.   1   1.00000E-99  BA141
  604    56. 142.   1   1.00000E-99  BA142
  605    57. 127.   1   1.00000E-99  LA127
  606    57. 128.   1   1.00000E-99  LA128
  607    57. 129.   1   1.00000E-99  LA129
  608    57. 130.   1   1.00000E-99  LA130
  609    57. 131.   1   1.00000E-99  LA131
  610    57. 132.   1   1.00000E-99  LA132
  611    57. 133.   1   1.00000E-99  LA133
  612    57. 134.   1   1.00000E-99  LA134
  613    57. 135.   1   1.00000E-99  LA135
  614    57. 136.   1   1.00000E-99  LA136
  615    57. 137.   1   1.00000E-99  LA137
  616    57. 138.   1   1.00000E-99  LA138
  617    57. 139.   1   1.38005E-09  LA139
  618    57. 140.   1   1.00000E-99  LA140
  619    57. 141.   1   1.00000E-99  LA141
  620    57. 142.   1   1.00000E-99  LA142
  621    57. 143.   1   1.00000E-99  LA143
  622    58. 130.   1   1.00000E-99  CE130
  623    58. 131.   1   1.00000E-99  CE131
  624    58. 132.   1   1.00000E-99  CE132
  625    58. 133.   1   1.00000E-99  CE133
  626    58. 134.   1   1.00000E-99  CE134
  627    58. 135.   1   1.00000E-99  CE135
  628    58. 136.   1   1.99460E-12  CE136
  629    58. 137.   1   1.00000E-99  CE137
  630    58. 138.   1   5.12047E-12  CE138
  631    58. 139.   1   1.00000E-99  CE139
  632    58. 140.   1   3.69304E-09  CE140
  633    58. 141.   1   1.00000E-99  CE141
  634    58. 142.   1   4.12614E-10  CE142
  635    58. 143.   1   1.00000E-99  CE143
  636    58. 144.   1   1.00000E-99  CE144
  637    58. 145.   1   1.00000E-99  CE145
  638    58. 146.   1   1.00000E-99  CE146
  639    59. 133.   1   1.00000E-99  PR133
  640    59. 134.   1   1.00000E-99  PR134
  641    59. 135.   1   1.00000E-99  PR135
  642    59. 136.   1   1.00000E-99  PR136
  643    59. 137.   1   1.00000E-99  PR137
  644    59. 138.   1   1.00000E-99  PR138
  645    59. 139.   1   1.00000E-99  PR139
  646    59. 140.   1   1.00000E-99  PR140
  647    59. 141.   1   4.60136E-10  PR141
  648    59. 142.   1   1.00000E-99  PR142
  649    59. 143.   1   1.00000E-99  PR143
  650    59. 144.   1   1.00000E-99  PR144
  651    59. 145.   1   1.00000E-99  PR145
  652    59. 146.   1   1.00000E-99  PR146
  653    59. 147.   1   1.00000E-99  PR147
  654    59. 148.   1   1.00000E-99  PR148
  655    59. 149.   1   1.00000E-99  PR149
  656    60. 134.   1   1.00000E-99  ND134
  657    60. 135.   1   1.00000E-99  ND135
  658    60. 136.   1   1.00000E-99  ND136
  659    60. 137.   1   1.00000E-99  ND137
  660    60. 138.   1   1.00000E-99  ND138
  661    60. 139.   1   1.00000E-99  ND139
  662    60. 140.   1   1.00000E-99  ND140
  663    60. 141.   1   1.00000E-99  ND141
  664    60. 142.   1   9.42017E-10  ND142
  665    60. 143.   1   2.14364E-10  ND143
  666    60. 144.   1   7.60348E-10  ND144
  667    60. 145.   1   1.51986E-10  ND145
  668    60. 146.   1   6.71933E-10  ND146
  669    60. 147.   1   1.00000E-99  ND147
  670    60. 148.   1   8.96767E-11  ND148
  671    60. 149.   1   1.00000E-99  ND149
  672    60. 150.   1   5.17250E-11  ND150
  673    60. 151.   1   1.00000E-99  ND151
  674    60. 152.   1   1.00000E-99  ND152
  675    61. 137.   1   1.00000E-99  PM137
  676    61. 138.   1   1.00000E-99  PM138
  677    61. 139.   1   1.00000E-99  PM139
  678    61. 140.   1   1.00000E-99  PM140
  679    61. 141.   1   1.00000E-99  PM141
  680    61. 142.   1   1.00000E-99  PM142
  681    61. 143.   1   1.00000E-99  PM143
  682    61. 144.   1   1.00000E-99  PM144
  683    61. 145.   1   1.00000E-99  PM145
  684    61. 146.   1   1.00000E-99  PM146
  685    61. 147.   1   7.78246E-18  PM147
  686    61. 148.   1   1.00000E-99  PM148
  687    61. 149.   1   1.00000E-99  PM149
  688    61. 150.   1   1.68304E-19  PM150
  689    61. 151.   1   1.00000E-99  PM151
  690    61. 152.   1   1.00000E-99  PM152
  691    61. 153.   1   1.00000E-99  PM153
  692    61. 154.   1   1.00000E-99  PM154
  693    62. 140.   1   1.00000E-99  SM140
  694    62. 141.   1   1.00000E-99  SM141
  695    62. 142.   1   1.00000E-99  SM142
  696    62. 143.   1   1.00000E-99  SM143
  697    62. 144.   1   2.11676E-11  SM144
  698    62. 145.   1   1.00000E-99  SM145
  699    62. 146.   1   4.91162E-16  SM146
  700    62. 147.   1   5.60241E-11  SM147
  701    62. 148.   1   2.35072E-10  SM148
  702    62. 149.   1   3.66057E-11  SM149
  703    62. 150.   1   1.95305E-10  SM150
  704    62. 151.   1   1.00000E-99  SM151
  705    62. 152.   1   5.02792E-11  SM152
  706    62. 153.   1   1.00000E-99  SM153
  707    62. 154.   1   9.18307E-11  SM154
  708    62. 155.   1   1.00000E-99  SM155
  709    62. 156.   1   1.00000E-99  SM156
  710    62. 157.   1   1.00000E-99  SM157
  711    62. 158.   1   1.00000E-99  SM158
  712    63. 143.   1   1.00000E-99  EU143
  713    63. 144.   1   1.00000E-99  EU144
  714    63. 145.   1   1.00000E-99  EU145
  715    63. 146.   1   1.00000E-99  EU146
  716    63. 147.   1   1.00000E-99  EU147
  717    63. 148.   1   1.00000E-99  EU148
  718    63. 149.   1   1.00000E-99  EU149
  719    63. 150.   1   1.00000E-99  EU150
  720    63. 151.   1   1.68939E-11  EU151
  721    63. 152.   1   1.00000E-99  EU152
  722    63. 153.   1   4.33595E-11  EU153
  723    63. 154.   1   1.00000E-99  EU154
  724    63. 155.   1   1.00000E-99  EU155
  725    63. 156.   1   1.00000E-99  EU156
  726    63. 157.   1   1.00000E-99  EU157
  727    63. 158.   1   1.00000E-99  EU158
  728    63. 159.   1   1.00000E-99  EU159
  729    64. 144.   1   1.00000E-99  GD144
  730    64. 145.   1   1.00000E-99  GD145
  731    64. 146.   1   1.00000E-99  GD146
  732    64. 147.   1   1.00000E-99  GD147
  733    64. 148.   1   1.00000E-99  GD148
  734    64. 149.   1   1.00000E-99  GD149
  735    64. 150.   1   1.00000E-99  GD150
  736    64. 151.   1   1.00000E-99  GD151
  737    64. 152.   1   8.31590E-11  GD152
  738    64. 153.   1   1.00000E-99  GD153
  739    64. 154.   1   1.35945E-10  GD154
  740    64. 155.   1   6.31327E-11  GD155
  741    64. 156.   1   3.41787E-10  GD156
  742    64. 157.   1   1.02392E-10  GD157
  743    64. 158.   1   5.66342E-10  GD158
  744    64. 159.   1   1.00000E-99  GD159
  745    64. 160.   1   1.40395E-10  GD160
  746    64. 161.   1   1.00000E-99  GD161
  747    64. 162.   1   1.00000E-99  GD162
  748    65. 147.   1   1.00000E-99  TB147
  749    65. 148.   1   1.00000E-99  TB148
  750    65. 149.   1   1.00000E-99  TB149
  751    65. 150.   1   1.00000E-99  TB150
  752    65. 151.   1   1.00000E-99  TB151
  753    65. 152.   1   1.00000E-99  TB152
  754    65. 153.   1   1.00000E-99  TB153
  755    65. 154.   1   1.00000E-99  TB154
  756    65. 155.   1   1.00000E-99  TB155
  757    65. 156.   1   1.00000E-99  TB156
  758    65. 157.   1   4.42505E-11  TB157
  759    65. 158.   1   1.00000E-99  TB158
  760    65. 159.   1   1.48720E-10  TB159
  761    65. 160.   1   1.25540E-18  TB160
  762    65. 161.   1   1.00000E-99  TB161
  763    65. 162.   1   1.00000E-99  TB162
  764    65. 163.   1   1.00000E-99  TB163
  765    65. 164.   1   1.00000E-99  TB164
  766    65. 165.   1   1.00000E-99  TB165
  767    66. 148.   1   1.00000E-99  DY148
  768    66. 149.   1   1.00000E-99  DY149
  769    66. 150.   1   1.00000E-99  DY150
  770    66. 151.   1   1.00000E-99  DY151
  771    66. 152.   1   1.00000E-99  DY152
  772    66. 153.   1   1.00000E-99  DY153
  773    66. 154.   1   1.00000E-99  DY154
  774    66. 155.   1   1.00000E-99  DY155
  775    66. 156.   1   9.66553E-16  DY156
  776    66. 157.   1   1.00000E-99  DY157
  777    66. 158.   1   5.19102E-11  DY158
  778    66. 159.   1   1.00000E-99  DY159
  779    66. 160.   1   2.58829E-10  DY160
  780    66. 161.   1   1.20684E-10  DY161
  781    66. 162.   1   5.19599E-10  DY162
  782    66. 163.   1   1.93903E-11  DY163
  783    66. 164.   1   5.32145E-10  DY164
  784    66. 165.   1   1.00000E-99  DY165
  785    66. 166.   1   1.00000E-99  DY166
  786    66. 167.   1   1.00000E-99  DY167
  787    66. 168.   1   1.00000E-99  DY168
  788    67. 153.   1   1.00000E-99  HO153
  789    67. 154.   1   1.00000E-99  HO154
  790    67. 155.   1   1.00000E-99  HO155
  791    67. 156.   1   1.00000E-99  HO156
  792    67. 157.   1   1.00000E-99  HO157
  793    67. 158.   1   1.00000E-99  HO158
  794    67. 159.   1   1.00000E-99  HO159
  795    67. 160.   1   1.00000E-99  HO160
  796    67. 161.   1   1.00000E-99  HO161
  797    67. 162.   1   1.00000E-99  HO162
  798    67. 163.   1   1.02268E-10  HO163
  799    67. 164.   1   1.00000E-99  HO164
  800    67. 165.   1   2.10666E-10  HO165
  801    67. 166.   1   1.00000E-99  HO166
  802    67. 167.   1   1.00000E-99  HO167
  803    67. 168.   1   1.00000E-99  HO168
  804    67. 169.   1   1.00000E-99  HO169
  805    68. 154.   1   1.00000E-99  ER154
  806    68. 155.   1   1.00000E-99  ER155
  807    68. 156.   1   1.00000E-99  ER156
  808    68. 157.   1   1.00000E-99  ER157
  809    68. 158.   1   1.00000E-99  ER158
  810    68. 159.   1   1.00000E-99  ER159
  811    68. 160.   1   1.00000E-99  ER160
  812    68. 161.   1   1.00000E-99  ER161
  813    68. 162.   1   1.88581E-15  ER162
  814    68. 163.   1   1.00000E-99  ER163
  815    68. 164.   1   1.34151E-10  ER164
  816    68. 165.   1   1.00000E-99  ER165
  817    68. 166.   1   4.96407E-10  ER166
  818    68. 167.   1   1.89433E-10  ER167
  819    68. 168.   1   7.07635E-10  ER168
  820    68. 169.   1   1.00000E-99  ER169
  821    68. 170.   1   6.73926E-11  ER170
  822    68. 171.   1   1.00000E-99  ER171
  823    68. 172.   1   1.00000E-99  ER172
  824    68. 173.   1   1.00000E-99  ER173
  825    68. 174.   1   1.00000E-99  ER174
  826    68. 175.   1   1.00000E-99  ER175
  827    69. 159.   1   1.00000E-99  TM159
  828    69. 160.   1   1.00000E-99  TM160
  829    69. 161.   1   1.00000E-99  TM161
  830    69. 162.   1   1.00000E-99  TM162
  831    69. 163.   1   1.00000E-99  TM163
  832    69. 164.   1   1.00000E-99  TM164
  833    69. 165.   1   1.00000E-99  TM165
  834    69. 166.   1   1.00000E-99  TM166
  835    69. 167.   1   1.00000E-99  TM167
  836    69. 168.   1   1.00000E-99  TM168
  837    69. 169.   1   1.19560E-10  TM169
  838    69. 170.   1   1.00000E-99  TM170
  839    69. 171.   1   1.00000E-99  TM171
  840    69. 172.   1   1.00000E-99  TM172
  841    69. 173.   1   1.00000E-99  TM173
  842    69. 174.   1   1.00000E-99  TM174
  843    69. 175.   1   1.00000E-99  TM175
  844    69. 176.   1   1.00000E-99  TM176
  845    70. 160.   1   1.00000E-99  YB160
  846    70. 161.   1   1.00000E-99  YB161
  847    70. 162.   1   1.00000E-99  YB162
  848    70. 163.   1   1.00000E-99  YB163
  849    70. 164.   1   1.00000E-99  YB164
  850    70. 165.   1   1.00000E-99  YB165
  851    70. 166.   1   1.00000E-99  YB166
  852    70. 167.   1   1.00000E-99  YB167
  853    70. 168.   1   6.43951E-15  YB168
  854    70. 169.   1   1.00000E-99  YB169
  855    70. 170.   1   2.80590E-10  YB170
  856    70. 171.   1   1.74543E-10  YB171
  857    70. 172.   1   4.40880E-10  YB172
  858    70. 173.   1   1.70641E-10  YB173
  859    70. 174.   1   5.03505E-10  YB174
  860    70. 175.   1   1.00000E-99  YB175
  861    70. 176.   1   1.98243E-10  YB176
  862    70. 177.   1   1.00000E-99  YB177
  863    70. 178.   1   1.00000E-99  YB178
  864    70. 179.   1   1.00000E-99  YB179
  865    70. 180.   1   1.00000E-99  YB180
  866    71. 165.   1   1.00000E-99  LU165
  867    71. 166.   1   1.00000E-99  LU166
  868    71. 167.   1   1.00000E-99  LU167
  869    71. 168.   1   1.00000E-99  LU168
  870    71. 169.   1   1.00000E-99  LU169
  871    71. 170.   1   1.00000E-99  LU170
  872    71. 171.   1   1.00000E-99  LU171
  873    71. 172.   1   1.00000E-99  LU172
  874    71. 173.   1   1.00000E-99  LU173
  875    71. 174.   1   1.00000E-99  LU174
  876    71. 175.   1   6.00935E-11  LU175
  877    71. 176.   1   6.16457E-12  LU176
  878    71. 177.   1   1.00000E-99  LU177
  879    71. 178.   1   1.00000E-99  LU178
  880    71. 179.   1   1.00000E-99  LU179
  881    71. 180.   1   1.00000E-99  LU180
  882    71. 181.   1   1.00000E-99  LU181
  883    71. 182.   1   1.00000E-99  LU182
  884    72. 166.   1   1.00000E-99  HF166
  885    72. 167.   1   1.00000E-99  HF167
  886    72. 168.   1   1.00000E-99  HF168
  887    72. 169.   1   1.00000E-99  HF169
  888    72. 170.   1   1.00000E-99  HF170
  889    72. 171.   1   1.00000E-99  HF171
  890    72. 172.   1   1.00000E-99  HF172
  891    72. 173.   1   1.00000E-99  HF173
  892    72. 174.   1   3.13926E-14  HF174
  893    72. 175.   1   1.00000E-99  HF175
  894    72. 176.   1   5.18030E-11  HF176
  895    72. 177.   1   4.33810E-11  HF177
  896    72. 178.   1   2.78826E-10  HF178
  897    72. 179.   1   9.44553E-11  HF179
  898    72. 180.   1   5.22400E-10  HF180
  899    72. 181.   1   1.00000E-99  HF181
  900    72. 182.   1   1.00000E-99  HF182
  901    72. 183.   1   1.00000E-99  HF183
  902    72. 184.   1   1.00000E-99  HF184
  903    72. 185.   1   1.00000E-99  HF185
  904    73. 169.   1   1.00000E-99  TA169
  905    73. 170.   1   1.00000E-99  TA170
  906    73. 171.   1   1.00000E-99  TA171
  907    73. 172.   1   1.00000E-99  TA172
  908    73. 173.   1   1.00000E-99  TA173
  909    73. 174.   1   1.00000E-99  TA174
  910    73. 175.   1   1.00000E-99  TA175
  911    73. 176.   1   1.00000E-99  TA176
  912    73. 177.   1   1.00000E-99  TA177
  913    73. 178.   1   1.00000E-99  TA178
  914    73. 179.   1   8.12721E-12  TA179
  915    73. 180.   1   1.00000E-99  TA180
  916    73. 181.   1   9.13348E-11  TA181
  917    73. 182.   1   1.00000E-99  TA182
  918    73. 183.   1   1.00000E-99  TA183
  919    73. 184.   1   1.00000E-99  TA184
  920    73. 185.   1   1.00000E-99  TA185
  921    73. 186.   1   1.00000E-99  TA186
  922    74. 172.   1   1.00000E-99  W 172
  923    74. 173.   1   1.00000E-99  W 173
  924    74. 174.   1   1.00000E-99  W 174
  925    74. 175.   1   1.00000E-99  W 175
  926    74. 176.   1   1.00000E-99  W 176
  927    74. 177.   1   1.00000E-99  W 177
  928    74. 178.   1   1.00000E-99  W 178
  929    74. 179.   1   1.00000E-99  W 179
  930    74. 180.   1   1.09674E-13  W 180
  931    74. 181.   1   1.00000E-99  W 181
  932    74. 182.   1   2.72844E-10  W 182
  933    74. 183.   1   1.29628E-10  W 183
  934    74. 184.   1   3.26637E-10  W 184
  935    74. 185.   1   1.00000E-99  W 185
  936    74. 186.   1   1.23083E-10  W 186
  937    74. 187.   1   1.00000E-99  W 187
  938    74. 188.   1   1.00000E-99  W 188
  939    74. 189.   1   1.00000E-99  W 189
  940    74. 190.   1   1.00000E-99  W 190
  941    75. 175.   1   1.00000E-99  RE175
  942    75. 176.   1   1.00000E-99  RE176
  943    75. 177.   1   1.00000E-99  RE177
  944    75. 178.   1   1.00000E-99  RE178
  945    75. 179.   1   1.00000E-99  RE179
  946    75. 180.   1   1.00000E-99  RE180
  947    75. 181.   1   1.00000E-99  RE181
  948    75. 182.   1   1.00000E-99  RE182
  949    75. 183.   1   1.00000E-99  RE183
  950    75. 184.   1   1.00000E-99  RE184
  951    75. 185.   1   5.25032E-11  RE185
  952    75. 186.   1   1.00000E-99  RE186
  953    75. 187.   1   3.33912E-12  RE187
  954    75. 188.   1   1.00000E-99  RE188
  955    75. 189.   1   1.00000E-99  RE189
  956    75. 190.   1   1.00000E-99  RE190
  957    75. 191.   1   1.00000E-99  RE191
  958    76. 179.   1   1.00000E-99  OS179
  959    76. 180.   1   1.00000E-99  OS180
  960    76. 181.   1   1.00000E-99  OS181
  961    76. 182.   1   1.00000E-99  OS182
  962    76. 183.   1   1.00000E-99  OS183
  963    76. 184.   1   5.73890E-14  OS184
  964    76. 185.   1   1.00000E-99  OS185
  965    76. 186.   1   1.70155E-10  OS186
  966    76. 187.   1   7.44843E-11  OS187
  967    76. 188.   1   4.56687E-10  OS188
  968    76. 189.   1   9.38815E-11  OS189
  969    76. 190.   1   8.62956E-10  OS190
  970    76. 191.   1   1.00000E-99  OS191
  971    76. 192.   1   8.21618E-10  OS192
  972    76. 193.   1   1.00000E-99  OS193
  973    76. 194.   1   1.00000E-99  OS194
  974    76. 195.   1   1.00000E-99  OS195
  975    76. 196.   1   1.00000E-99  OS196
  976    77. 181.   1   1.00000E-99  IR181
  977    77. 182.   1   1.00000E-99  IR182
  978    77. 183.   1   1.00000E-99  IR183
  979    77. 184.   1   1.00000E-99  IR184
  980    77. 185.   1   1.00000E-99  IR185
  981    77. 186.   1   1.00000E-99  IR186
  982    77. 187.   1   1.00000E-99  IR187
  983    77. 188.   1   1.00000E-99  IR188
  984    77. 189.   1   1.00000E-99  IR189
  985    77. 190.   1   1.00000E-99  IR190
  986    77. 191.   1   1.57530E-10  IR191
  987    77. 192.   1   1.00000E-99  IR192
  988    77. 193.   1   3.34075E-10  IR193
  989    77. 194.   1   1.00000E-99  IR194
  990    77. 195.   1   1.00000E-99  IR195
  991    77. 196.   1   1.00000E-99  IR196
  992    77. 197.   1   1.00000E-99  IR197
  993    78. 184.   1   1.00000E-99  PT184
  994    78. 185.   1   1.00000E-99  PT185
  995    78. 186.   1   1.00000E-99  PT186
  996    78. 187.   1   1.00000E-99  PT187
  997    78. 188.   1   1.00000E-99  PT188
  998    78. 189.   1   1.00000E-99  PT189
  999    78. 190.   1   1.02179E-13  PT190
 1000    78. 191.   1   1.00000E-99  PT191
 1001    78. 192.   1   5.90949E-10  PT192
 1002    78. 193.   1   1.33490E-10  PT193
 1003    78. 194.   1   2.32011E-09  PT194
 1004    78. 195.   1   1.07737E-09  PT195
 1005    78. 196.   1   4.20787E-09  PT196
 1006    78. 197.   1   1.00000E-99  PT197
 1007    78. 198.   1   3.01294E-10  PT198
 1008    78. 199.   1   1.00000E-99  PT199
 1009    78. 200.   1   1.00000E-99  PT200
 1010    78. 201.   1   1.00000E-99  PT201
 1011    78. 202.   1   1.00000E-99  PT202
 1012    79. 185.   1   1.00000E-99  AU185
 1013    79. 186.   1   1.00000E-99  AU186
 1014    79. 187.   1   1.00000E-99  AU187
 1015    79. 188.   1   1.00000E-99  AU188
 1016    79. 189.   1   1.00000E-99  AU189
 1017    79. 190.   1   1.00000E-99  AU190
 1018    79. 191.   1   1.00000E-99  AU191
 1019    79. 192.   1   1.00000E-99  AU192
 1020    79. 193.   1   1.00000E-99  AU193
 1021    79. 194.   1   1.00000E-99  AU194
 1022    79. 195.   1   2.37813E-14  AU195
 1023    79. 196.   1   1.00000E-99  AU196
 1024    79. 197.   1   1.09060E-09  AU197
 1025    79. 198.   1   1.00000E-99  AU198
 1026    79. 199.   1   1.00000E-99  AU199
 1027    79. 200.   1   1.00000E-99  AU200
 1028    79. 201.   1   1.00000E-99  AU201
 1029    79. 202.   1   1.00000E-99  AU202
 1030    79. 203.   1   1.00000E-99  AU203
 1031    80. 189.   1   1.00000E-99  HG189
 1032    80. 190.   1   1.00000E-99  HG190
 1033    80. 191.   1   1.00000E-99  HG191
 1034    80. 192.   1   1.00000E-99  HG192
 1035    80. 193.   1   1.00000E-99  HG193
 1036    80. 194.   1   1.00000E-99  HG194
 1037    80. 195.   1   1.00000E-99  HG195
 1038    80. 196.   1   1.36744E-12  HG196
 1039    80. 197.   1   1.00000E-99  HG197
 1040    80. 198.   1   2.08394E-09  HG198
 1041    80. 199.   1   6.90178E-10  HG199
 1042    80. 200.   1   1.02253E-09  HG200
 1043    80. 201.   1   3.20212E-10  HG201
 1044    80. 202.   1   8.45405E-10  HG202
 1045    80. 203.   1   1.00000E-99  HG203
 1046    80. 204.   1   1.37299E-10  HG204
 1047    80. 205.   1   1.00000E-99  HG205
 1048    80. 206.   1   1.00000E-99  HG206
 1049    80. 207.   1   1.00000E-99  HG207
 1050    80. 208.   1   1.00000E-99  HG208
 1051    81. 192.   1   1.00000E-99  TL192
 1052    81. 193.   1   1.00000E-99  TL193
 1053    81. 194.   1   1.00000E-99  TL194
 1054    81. 195.   1   1.00000E-99  TL195
 1055    81. 196.   1   1.00000E-99  TL196
 1056    81. 197.   1   1.00000E-99  TL197
 1057    81. 198.   1   1.00000E-99  TL198
 1058    81. 199.   1   1.00000E-99  TL199
 1059    81. 200.   1   1.00000E-99  TL200
 1060    81. 201.   1   1.00000E-99  TL201
 1061    81. 202.   1   1.00000E-99  TL202
 1062    81. 203.   1   3.46227E-10  TL203
 1063    81. 204.   1   1.00000E-99  TL204
 1064    81. 205.   1   2.18655E-10  TL205
 1065    81. 206.   1   9.30596E-11  TL206
 1066    81. 207.   1   9.03405E-12  TL207
 1067    81. 208.   1   1.00000E-99  TL208
 1068    81. 209.   1   1.00000E-99  TL209
 1069    81. 210.   1   1.00000E-99  TL210
 1070    82. 193.   1   1.00000E-99  PB193
 1071    82. 194.   1   1.00000E-99  PB194
 1072    82. 195.   1   1.00000E-99  PB195
 1073    82. 196.   1   1.00000E-99  PB196
 1074    82. 197.   1   1.00000E-99  PB197
 1075    82. 198.   1   1.00000E-99  PB198
 1076    82. 199.   1   1.00000E-99  PB199
 1077    82. 200.   1   1.00000E-99  PB200
 1078    82. 201.   1   1.00000E-99  PB201
 1079    82. 202.   1   1.00000E-99  PB202
 1080    82. 203.   1   1.00000E-99  PB203
 1081    82. 204.   1   3.14420E-10  PB204
 1082    82. 205.   1   6.96896E-10  PB205
 1083    82. 208.   1   5.34810E-09  PB208
 1084    82. 209.   1   1.00000E-99  PB209
 1085    82. 210.   1   1.00000E-99  PB210
 1086    82. 211.   1   1.00000E-99  PB211
 1087    83. 202.   1   1.00000E-99  BI202
 1088    83. 203.   1   1.00000E-99  BI203
 1089    83. 204.   1   1.00000E-99  BI204
 1090    83. 205.   1   1.00000E-99  BI205
 1091    83. 206.   1   1.00000E-99  BI206
 1092    83. 207.   1   1.00000E-99  BI207
 1093    83. 208.   1   1.00000E-99  BI208
 1094    83. 209.   1   7.17641E-10  BI209
 1095    83. 210.   1   1.12881E-11  BI210
 1096    13.  26.   2   1.00000E-99  AL*26
 1097    36.  85.   2   1.00000E-99  KR*85
 1098    48. 115.   2   1.00000E-99  CD*15
 1099    71. 176.   2   1.00000E-99  LU*76
 1100    73. 180.   2   1.00000E-99  TAg80
