H NUM     Z    A ISOM  ABUNDANCE_MF  ISOTP
 # mod     4836 dzeit  1.85E-04 agej  1.2362E+06
 # t9 =    1.396E+00 rho =    5.156E+05
 # densn  6.16739E+09
 # densp  1.28365E+12
 # densa  1.37717E+17
 # total_energy_flux_[erg/(g*s)]  0.00000E+00
    1     0.   1.   1   1.98625E-20  NEUT 
    2     1.   1.   1   4.13409E-18  PROT 
    3     1.   2.   1   1.00000E-99  H   2
    4     2.   3.   1   7.35981E-22  HE  3
    5     2.   4.   1   1.77411E-12  HE  4
    6     4.   7.   1   1.00000E-99  BE  7
    7     5.   8.   1   1.00000E-99  B   8
    8     3.   7.   1   1.00000E-99  LI  7
    9     6.  11.   1   1.29425E-14  C  11
   10     5.  11.   1   3.43252E-09  B  11
   11     6.  12.   1   5.12643E-05  C  12
   12     6.  13.   1   4.93190E-12  C  13
   13     7.  13.   1   8.68065E-20  N  13
   14     7.  14.   1   3.49342E-08  N  14
   15     6.  14.   1   1.05457E-09  C  14
   16     7.  15.   1   1.21666E-09  N  15
   17     8.  16.   1   5.57686E-01  O  16
   18     8.  17.   1   9.97540E-10  O  17
   19     8.  18.   1   3.01557E-09  O  18
   20     9.  17.   1   3.82387E-20  F  17
   21     9.  18.   1   4.07693E-11  F  18
   22     9.  19.   1   3.05920E-11  F  19
   23    10.  20.   1   3.44489E-01  NE 20
   24    10.  21.   1   3.24628E-04  NE 21
   25    10.  22.   1   4.03369E-06  NE 22
   26    11.  22.   1   5.86837E-08  NA 22
   27    11.  23.   1   4.51143E-03  NA 23
   28    12.  23.   1   5.64486E-13  MG 23
   29    12.  24.   1   6.43908E-02  MG 24
   30    12.  25.   1   7.80425E-03  MG 25
   31    12.  26.   1   9.31495E-03  MG 26
   32    13.  26.   1   1.94228E-08  AL 26
   33    13.  27.   1   2.48417E-03  AL 27
   34    14.  27.   1   9.17045E-12  SI 27
   35    14.  28.   1   5.35147E-03  SI 28
   36    14.  29.   1   1.22344E-03  SI 29
   37    14.  30.   1   3.31323E-04  SI 30
   38    15.  31.   1   8.67820E-05  P  31
   39    16.  31.   1   7.09531E-14  S  31
   46     4.   8.   1   1.00000E-99  BE  8
   47     8.  14.   1   3.49206E-23  O  14
   48     8.  15.   1   4.37576E-14  O  15
   49    11.  21.   1   6.38033E-14  NA 21
   50    13.  25.   1   4.69014E-15  AL 25
   51    15.  29.   1   6.57615E-15  P  29
   52    15.  30.   1   5.61001E-10  P  30
   53    82. 206.   1   1.16762E-08  PB206
   54    82. 207.   1   1.30879E-08  PB207
   55    83. 211.   1   5.96983E-23  BI211
   56    84. 210.   1   3.60838E-11  PO210
   58     9.  20.   1   1.60060E-18  F  20
   59    10.  19.   1   5.44365E-19  NE 19
   60    11.  24.   1   5.24435E-08  NA 24
   61    12.  27.   1   1.08224E-08  MG 27
   62    12.  28.   1   2.05929E-12  MG 28
   63    13.  28.   1   7.06095E-09  AL 28
   64    13.  29.   1   1.85740E-12  AL 29
   65    14.  31.   1   1.28552E-08  SI 31
   66    14.  32.   1   3.40636E-08  SI 32
   67    15.  32.   1   4.35166E-07  P  32
   68    15.  33.   1   6.65533E-07  P  33
   69    15.  34.   1   4.13600E-14  P  34
   70    15.  35.   1   9.63010E-21  P  35
   71    16.  32.   1   1.80025E-04  S  32
   72    16.  33.   1   7.70168E-06  S  33
   73    16.  34.   1   3.07433E-05  S  34
   74    16.  35.   1   1.73182E-06  S  35
   75    16.  36.   1   4.42962E-06  S  36
   76    16.  37.   1   4.19827E-14  S  37
   77    16.  38.   1   6.83348E-19  S  38
   78    17.  34.   1   9.28426E-15  CL 34
   79    17.  35.   1   3.10642E-06  CL 35
   80    17.  36.   1   1.59392E-07  CL 36
   81    17.  37.   1   3.01102E-05  CL 37
   82    17.  38.   1   3.34260E-10  CL 38
   83    17.  39.   1   1.40424E-14  CL 39
   84    17.  40.   1   4.87698E-21  CL 40
   85    18.  35.   1   2.39892E-23  AR 35
   86    18.  36.   1   1.28482E-05  AR 36
   87    18.  37.   1   2.89253E-08  AR 37
   88    18.  38.   1   4.41594E-05  AR 38
   89    18.  39.   1   4.97645E-06  AR 39
   90    18.  40.   1   2.00630E-06  AR 40
   91    18.  41.   1   7.10245E-11  AR 41
   92    18.  42.   1   1.03996E-10  AR 42
   93    18.  43.   1   1.86496E-16  AR 43
   94    18.  44.   1   9.22435E-22  AR 44
   95    19.  38.   1   9.93987E-17  K  38
   96    19.  39.   1   6.23044E-06  K  39
   97    19.  40.   1   8.66676E-07  K  40
   98    19.  41.   1   1.25961E-06  K  41
   99    19.  42.   1   3.92897E-09  K  42
  100    19.  43.   1   4.64393E-12  K  43
  101    19.  44.   1   4.36441E-17  K  44
  102    19.  45.   1   1.44954E-21  K  45
  103    19.  46.   1   1.00000E-99  K  46
  104    20.  39.   1   3.26980E-26  CA 39
  105    20.  40.   1   2.26514E-05  CA 40
  106    20.  41.   1   5.18702E-07  CA 41
  107    20.  42.   1   2.51648E-06  CA 42
  108    20.  43.   1   9.64994E-07  CA 43
  109    20.  44.   1   2.90326E-06  CA 44
  110    20.  45.   1   7.32613E-08  CA 45
  111    20.  46.   1   1.19013E-07  CA 46
  112    20.  47.   1   2.63854E-10  CA 47
  113    20.  48.   1   1.25698E-07  CA 48
  114    20.  49.   1   1.14638E-13  CA 49
  115    21.  43.   1   1.19151E-11  SC 43
  116    21.  44.   1   1.24638E-11  SC 44
  117    21.  45.   1   5.96057E-07  SC 45
  118    21.  46.   1   7.95407E-09  SC 46
  119    21.  47.   1   8.84230E-10  SC 47
  120    21.  48.   1   1.02440E-11  SC 48
  121    21.  49.   1   1.07680E-12  SC 49
  122    21.  50.   1   3.50318E-19  SC 50
  123    22.  44.   1   7.62524E-12  TI 44
  124    22.  45.   1   8.02294E-15  TI 45
  125    22.  46.   1   5.30455E-07  TI 46
  126    22.  47.   1   3.20098E-07  TI 47
  127    22.  48.   1   6.11130E-07  TI 48
  128    22.  49.   1   6.48634E-07  TI 49
  129    22.  50.   1   2.73524E-06  TI 50
  130    22.  51.   1   8.35439E-12  TI 51
  131    22.  52.   1   7.32998E-18  TI 52
  132    23.  47.   1   2.04016E-13  V  47
  133    23.  48.   1   3.25305E-13  V  48
  134    23.  49.   1   1.39972E-09  V  49
  135    23.  50.   1   1.36699E-10  V  50
  136    23.  51.   1   3.26998E-07  V  51
  137    23.  52.   1   5.26731E-12  V  52
  138    23.  53.   1   8.60460E-18  V  53
  139    24.  48.   1   1.06433E-19  CR 48
  140    24.  49.   1   1.22785E-19  CR 49
  141    24.  50.   1   3.17901E-09  CR 50
  142    24.  51.   1   7.89096E-11  CR 51
  143    24.  52.   1   3.95206E-06  CR 52
  144    24.  53.   1   1.49589E-06  CR 53
  145    24.  54.   1   7.22432E-06  CR 54
  146    24.  55.   1   3.02498E-11  CR 55
  147    24.  56.   1   1.99098E-16  CR 56
  148    25.  51.   1   4.81504E-16  MN 51
  149    25.  52.   1   1.00069E-16  MN 52
  150    25.  53.   1   5.40462E-09  MN 53
  151    25.  54.   1   1.77597E-09  MN 54
  152    25.  55.   1   2.62613E-06  MN 55
  153    25.  56.   1   4.47174E-11  MN 56
  154    25.  57.   1   3.51863E-16  MN 57
  155    26.  52.   1   4.79511E-23  FE 52
  156    26.  53.   1   5.43363E-24  FE 53
  157    26.  54.   1   2.61799E-07  FE 54
  158    26.  55.   1   1.04703E-07  FE 55
  159    26.  56.   1   2.15351E-04  FE 56
  160    26.  57.   1   1.08925E-04  FE 57
  161    26.  58.   1   3.63213E-04  FE 58
  162    26.  59.   1   1.45756E-06  FE 59
  163    26.  60.   1   2.20323E-05  FE 60
  164    26.  61.   1   3.81720E-11  FE 61
  165    27.  55.   1   1.37600E-13  CO 55
  166    27.  56.   1   2.61150E-13  CO 56
  167    27.  57.   1   3.57968E-08  CO 57
  168    27.  58.   1   1.58407E-08  CO 58
  169    27.  59.   1   2.68737E-04  CO 59
  170    27.  60.   1   2.84729E-07  CO 60
  171    27.  61.   1   1.75354E-09  CO 61
  172    27.  62.   1   7.71218E-15  CO 62
  173    27.  63.   1   2.34528E-20  CO 63
  174    28.  56.   1   1.40079E-20  NI 56
  175    28.  57.   1   1.23297E-19  NI 57
  176    28.  58.   1   1.11035E-07  NI 58
  177    28.  59.   1   1.13659E-08  NI 59
  178    28.  60.   1   1.25700E-04  NI 60
  179    28.  61.   1   5.25719E-05  NI 61
  180    28.  62.   1   1.97413E-04  NI 62
  181    28.  63.   1   3.62235E-05  NI 63
  182    28.  64.   1   6.30609E-05  NI 64
  183    28.  65.   1   1.42660E-09  NI 65
  184    28.  66.   1   4.42823E-12  NI 66
  185    28.  67.   1   6.62758E-19  NI 67
  186    28.  68.   1   1.79574E-25  NI 68
  187    29.  60.   1   2.77848E-17  CU 60
  188    29.  61.   1   7.91909E-12  CU 61
  189    29.  62.   1   1.67149E-12  CU 62
  190    29.  63.   1   9.44889E-06  CU 63
  191    29.  64.   1   4.07210E-08  CU 64
  192    29.  65.   1   2.06592E-05  CU 65
  193    29.  66.   1   6.04423E-10  CU 66
  194    29.  67.   1   1.63888E-11  CU 67
  195    29.  68.   1   2.23224E-16  CU 68
  196    29.  69.   1   4.47600E-21  CU 69
  197    29.  70.   1   5.65862E-27  CU 70
  198    29.  71.   1   1.00000E-99  CU 71
  199    30.  62.   1   5.59009E-19  ZN 62
  200    30.  63.   1   2.76946E-19  ZN 63
  201    30.  64.   1   2.09045E-06  ZN 64
  202    30.  65.   1   1.08080E-07  ZN 65
  203    30.  66.   1   1.84983E-05  ZN 66
  204    30.  67.   1   7.16156E-06  ZN 67
  205    30.  68.   1   2.57789E-05  ZN 68
  206    30.  69.   1   4.74691E-09  ZN 69
  207    30.  70.   1   4.89123E-08  ZN 70
  208    30.  71.   1   8.37458E-13  ZN 71
  209    30.  72.   1   5.52052E-15  ZN 72
  210    30.  73.   1   2.56759E-21  ZN 73
  211    30.  74.   1   8.37350E-27  ZN 74
  212    31.  65.   1   1.67205E-14  GA 65
  213    31.  66.   1   4.29207E-14  GA 66
  214    31.  67.   1   4.77947E-11  GA 67
  215    31.  68.   1   5.14769E-13  GA 68
  216    31.  69.   1   3.31915E-06  GA 69
  217    31.  70.   1   1.43001E-09  GA 70
  218    31.  71.   1   7.55743E-07  GA 71
  219    31.  72.   1   3.30508E-11  GA 72
  220    31.  73.   1   8.78311E-14  GA 73
  221    31.  74.   1   3.81756E-18  GA 74
  222    31.  75.   1   7.69149E-23  GA 75
  223    32.  66.   1   5.79792E-22  GE 66
  224    32.  67.   1   4.11012E-22  GE 67
  225    32.  68.   1   1.85190E-15  GE 68
  226    32.  69.   1   1.55729E-15  GE 69
  227    32.  70.   1   4.38438E-06  GE 70
  228    32.  71.   1   1.14036E-06  GE 71
  229    32.  72.   1   3.38716E-06  GE 72
  230    32.  73.   1   1.47658E-06  GE 73
  231    32.  74.   1   3.67445E-06  GE 74
  232    32.  75.   1   3.90119E-09  GE 75
  233    32.  76.   1   2.07426E-08  GE 76
  234    32.  77.   1   1.19550E-12  GE 77
  235    32.  78.   1   4.70056E-16  GE 78
  236    33.  69.   1   1.26006E-24  AS 69
  237    33.  70.   1   3.33392E-23  AS 70
  238    33.  71.   1   3.64348E-12  AS 71
  239    33.  72.   1   8.35143E-13  AS 72
  240    33.  73.   1   5.53798E-11  AS 73
  241    33.  74.   1   2.11783E-11  AS 74
  242    33.  75.   1   4.88432E-07  AS 75
  243    33.  76.   1   7.22376E-11  AS 76
  244    33.  77.   1   1.04636E-10  AS 77
  245    33.  78.   1   2.75796E-15  AS 78
  246    33.  79.   1   1.01221E-18  AS 79
  247    33.  80.   1   1.48782E-24  AS 80
  248    33.  81.   1   1.00000E-99  AS 81
  249    34.  72.   1   7.61733E-18  SE 72
  250    34.  73.   1   1.90416E-19  SE 73
  251    34.  74.   1   8.91128E-15  SE 74
  252    34.  75.   1   9.03361E-13  SE 75
  253    34.  76.   1   6.07899E-07  SE 76
  254    34.  77.   1   3.22381E-07  SE 77
  255    34.  78.   1   1.21096E-06  SE 78
  256    34.  79.   1   2.43553E-07  SE 79
  257    34.  80.   1   7.34772E-07  SE 80
  258    34.  81.   1   1.97704E-10  SE 81
  259    34.  82.   1   3.29777E-09  SE 82
  260    34.  83.   1   9.56310E-14  SE 83
  261    34.  84.   1   8.61194E-19  SE 84
  262    35.  74.   1   1.47523E-27  BR 74
  263    35.  75.   1   1.51528E-22  BR 75
  264    35.  76.   1   1.62543E-19  BR 76
  265    35.  77.   1   3.03756E-13  BR 77
  266    35.  78.   1   3.46833E-13  BR 78
  267    35.  79.   1   4.94314E-08  BR 79
  268    35.  80.   1   3.28308E-10  BR 80
  269    35.  81.   1   1.36088E-07  BR 81
  270    35.  82.   1   1.10255E-10  BR 82
  271    35.  83.   1   1.34378E-12  BR 83
  272    35.  84.   1   4.40434E-16  BR 84
  273    35.  85.   1   2.46577E-20  BR 85
  274    35.  86.   1   1.39093E-26  BR 86
  275    35.  87.   1   1.00000E-99  BR 87
  276    36.  76.   1   1.00000E-99  KR 76
  277    36.  77.   1   2.64459E-26  KR 77
  278    36.  78.   1   9.04842E-17  KR 78
  279    36.  79.   1   3.15413E-16  KR 79
  280    36.  80.   1   8.31700E-08  KR 80
  281    36.  81.   1   4.07244E-08  KR 81
  282    36.  82.   1   2.92413E-07  KR 82
  283    36.  83.   1   1.22377E-07  KR 83
  284    36.  84.   1   4.01380E-07  KR 84
  285    36.  85.   1   3.32795E-08  KR 85
  286    36.  86.   1   1.80628E-07  KR 86
  287    36.  87.   1   1.05145E-11  KR 87
  288    36.  88.   1   2.78261E-15  KR 88
  289    36.  89.   1   4.46671E-21  KR 89
  290    36.  90.   1   1.88626E-27  KR 90
  291    37.  79.   1   1.65707E-25  RB 79
  292    37.  80.   1   1.76466E-26  RB 80
  293    37.  81.   1   1.62751E-15  RB 81
  294    37.  82.   1   1.27849E-15  RB 82
  295    37.  83.   1   2.79292E-13  RB 83
  296    37.  84.   1   1.70699E-13  RB 84
  297    37.  85.   1   7.17982E-08  RB 85
  298    37.  86.   1   2.13209E-08  RB 86
  299    37.  87.   1   1.01486E-07  RB 87
  300    37.  88.   1   8.44468E-12  RB 88
  301    37.  89.   1   1.10451E-15  RB 89
  302    37.  90.   1   2.86990E-20  RB 90
  303    37.  91.   1   2.49589E-25  RB 91
  304    38.  80.   1   1.00000E-99  SR 80
  305    38.  81.   1   1.00000E-99  SR 81
  306    38.  82.   1   1.66483E-21  SR 82
  307    38.  83.   1   2.41206E-22  SR 83
  308    38.  84.   1   5.06848E-17  SR 84
  309    38.  85.   1   5.01901E-15  SR 85
  310    38.  86.   1   9.45820E-08  SR 86
  311    38.  87.   1   4.04480E-08  SR 87
  312    38.  88.   1   4.30868E-07  SR 88
  313    38.  89.   1   1.87006E-08  SR 89
  314    38.  90.   1   1.48551E-08  SR 90
  315    38.  91.   1   1.27339E-11  SR 91
  316    38.  92.   1   7.50771E-15  SR 92
  317    38.  93.   1   7.83581E-20  SR 93
  318    38.  94.   1   2.43932E-25  SR 94
  319    39.  85.   1   4.15151E-25  Y  85
  320    39.  86.   1   1.14035E-22  Y  86
  321    39.  87.   1   6.69263E-15  Y  87
  322    39.  88.   1   1.15778E-14  Y  88
  323    39.  89.   1   8.70908E-08  Y  89
  324    39.  90.   1   6.94401E-10  Y  90
  325    39.  91.   1   2.09193E-09  Y  91
  326    39.  92.   1   4.99620E-12  Y  92
  327    39.  93.   1   8.78503E-14  Y  93
  328    39.  94.   1   2.81294E-17  Y  94
  329    39.  95.   1   5.87570E-21  Y  95
  330    39.  96.   1   5.21234E-27  Y  96
  331    40.  86.   1   1.00000E-99  ZR 86
  332    40.  87.   1   1.00000E-99  ZR 87
  333    40.  88.   1   1.71653E-21  ZR 88
  334    40.  89.   1   8.81766E-20  ZR 89
  335    40.  90.   1   3.72017E-08  ZR 90
  336    40.  91.   1   1.72106E-08  ZR 91
  337    40.  92.   1   2.23670E-08  ZR 92
  338    40.  93.   1   1.19120E-08  ZR 93
  339    40.  94.   1   1.94073E-08  ZR 94
  340    40.  95.   1   4.74996E-09  ZR 95
  341    40.  96.   1   4.91614E-09  ZR 96
  342    40.  97.   1   6.71812E-13  ZR 97
  343    40.  98.   1   7.34757E-19  ZR 98
  344    41.  89.   1   1.00000E-99  NB 89
  345    41.  90.   1   1.00000E-99  NB 90
  346    41.  91.   1   9.13849E-15  NB 91
  347    41.  92.   1   3.23534E-16  NB 92
  348    41.  93.   1   1.05651E-12  NB 93
  349    41.  94.   1   1.00207E-13  NB 94
  350    41.  95.   1   1.44346E-09  NB 95
  351    41.  96.   1   1.72476E-11  NB 96
  352    41.  97.   1   1.31679E-13  NB 97
  353    41.  98.   1   5.82530E-17  NB 98
  354    41.  99.   1   6.38245E-21  NB 99
  355    42.  90.   1   1.00000E-99  MO 90
  356    42.  91.   1   1.00000E-99  MO 91
  357    42.  92.   1   5.00970E-15  MO 92
  358    42.  93.   1   1.24841E-15  MO 93
  359    42.  94.   1   3.36766E-12  MO 94
  360    42.  95.   1   1.53253E-09  MO 95
  361    42.  96.   1   4.61953E-09  MO 96
  362    42.  97.   1   1.40691E-09  MO 97
  363    42.  98.   1   2.47400E-09  MO 98
  364    42.  99.   1   1.42110E-12  MO 99
  365    42. 100.   1   7.60585E-12  MO100
  366    42. 101.   1   8.23625E-16  MO101
  367    42. 102.   1   1.01275E-19  MO102
  368    43.  93.   1   3.09710E-24  TC 93
  369    43.  94.   1   1.60414E-24  TC 94
  370    43.  95.   1   1.19844E-18  TC 95
  371    43.  96.   1   1.08281E-18  TC 96
  372    43.  97.   1   1.61240E-16  TC 97
  373    43.  98.   1   8.65180E-17  TC 98
  374    43.  99.   1   2.70968E-10  TC 99
  375    43. 100.   1   6.29209E-15  TC100
  376    43. 101.   1   8.08419E-16  TC101
  377    43. 102.   1   1.42401E-19  TC102
  378    43. 103.   1   9.07534E-24  TC103
  379    43. 104.   1   2.77988E-27  TC104
  380    43. 105.   1   1.00000E-99  TC105
  381    44.  94.   1   1.00000E-99  RU 94
  382    44.  95.   1   1.00000E-99  RU 95
  383    44.  96.   1   4.88540E-19  RU 96
  384    44.  97.   1   1.14237E-19  RU 97
  385    44.  98.   1   9.85279E-15  RU 98
  386    44.  99.   1   7.20977E-11  RU 99
  387    44. 100.   1   8.19514E-10  RU100
  388    44. 101.   1   1.97302E-10  RU101
  389    44. 102.   1   1.42559E-09  RU102
  390    44. 103.   1   3.00186E-11  RU103
  391    44. 104.   1   1.97504E-10  RU104
  392    44. 105.   1   2.42670E-13  RU105
  393    44. 106.   1   1.69769E-12  RU106
  394    45.  98.   1   1.00000E-99  RH 98
  395    45.  99.   1   1.43903E-21  RH 99
  396    45. 100.   1   5.21882E-20  RH100
  397    45. 101.   1   1.08998E-17  RH101
  398    45. 102.   1   4.37982E-18  RH102
  399    45. 103.   1   2.21770E-10  RH103
  400    45. 104.   1   7.14574E-14  RH104
  401    45. 105.   1   4.97257E-12  RH105
  402    45. 106.   1   4.17209E-16  RH106
  403    45. 107.   1   1.23757E-18  RH107
  404    45. 108.   1   3.69016E-22  RH108
  405    46.  99.   1   1.00000E-99  PD 99
  406    46. 100.   1   1.00000E-99  PD100
  407    46. 101.   1   1.00000E-99  PD101
  408    46. 102.   1   1.17683E-21  PD102
  409    46. 103.   1   1.87086E-18  PD103
  410    46. 104.   1   6.28495E-10  PD104
  411    46. 105.   1   1.70770E-10  PD105
  412    46. 106.   1   1.07133E-09  PD106
  413    46. 107.   1   2.04817E-10  PD107
  414    46. 108.   1   1.46274E-09  PD108
  415    46. 109.   1   1.89528E-11  PD109
  416    46. 110.   1   1.53229E-10  PD110
  417    46. 111.   1   7.75741E-14  PD111
  418    46. 112.   1   1.99838E-15  PD112
  419    47. 101.   1   1.00000E-99  AG101
  420    47. 102.   1   1.00000E-99  AG102
  421    47. 103.   1   1.00000E-99  AG103
  422    47. 104.   1   1.00000E-99  AG104
  423    47. 105.   1   1.43233E-18  AG105
  424    47. 106.   1   1.70483E-21  AG106
  425    47. 107.   1   5.85763E-12  AG107
  426    47. 108.   1   8.76572E-15  AG108
  427    47. 109.   1   9.37393E-10  AG109
  428    47. 110.   1   8.38631E-14  AG110
  429    47. 111.   1   1.16176E-12  AG111
  430    47. 112.   1   2.25286E-17  AG112
  431    47. 113.   1   2.07728E-20  AG113
  432    48. 102.   1   1.00000E-99  CD102
  433    48. 103.   1   1.00000E-99  CD103
  434    48. 104.   1   1.00000E-99  CD104
  435    48. 105.   1   1.00000E-99  CD105
  436    48. 106.   1   6.77222E-21  CD106
  437    48. 107.   1   1.09591E-21  CD107
  438    48. 108.   1   2.45606E-11  CD108
  439    48. 109.   1   5.02080E-12  CD109
  440    48. 110.   1   1.14329E-09  CD110
  441    48. 111.   1   3.81247E-10  CD111
  442    48. 112.   1   1.47425E-09  CD112
  443    48. 113.   1   3.06484E-10  CD113
  444    48. 114.   1   2.33368E-09  CD114
  445    48. 115.   1   1.93421E-11  CD115
  446    48. 116.   1   4.90783E-10  CD116
  447    48. 117.   1   4.26167E-13  CD117
  448    48. 118.   1   6.80969E-16  CD118
  449    49. 106.   1   1.00000E-99  IN106
  450    49. 107.   1   1.00000E-99  IN107
  451    49. 108.   1   1.00000E-99  IN108
  452    49. 109.   1   7.92391E-22  IN109
  453    49. 110.   1   2.18353E-22  IN110
  454    49. 111.   1   3.03198E-19  IN111
  455    49. 112.   1   7.59537E-19  IN112
  456    49. 113.   1   7.11738E-11  IN113
  457    49. 114.   1   1.83034E-14  IN114
  458    49. 115.   1   1.27526E-10  IN115
  459    49. 116.   1   1.06802E-14  IN116
  460    49. 117.   1   1.58226E-13  IN117
  461    49. 118.   1   1.30528E-16  IN118
  462    49. 119.   1   3.09909E-19  IN119
  463    50. 108.   1   1.00000E-99  SN108
  464    50. 109.   1   1.00000E-99  SN109
  465    50. 110.   1   1.00000E-99  SN110
  466    50. 111.   1   1.00000E-99  SN111
  467    50. 112.   1   2.12557E-22  SN112
  468    50. 113.   1   2.39641E-20  SN113
  469    50. 114.   1   2.41752E-10  SN114
  470    50. 115.   1   1.01305E-10  SN115
  471    50. 116.   1   1.69586E-09  SN116
  472    50. 117.   1   7.08526E-10  SN117
  473    50. 118.   1   3.83189E-09  SN118
  474    50. 119.   1   1.01384E-09  SN119
  475    50. 120.   1   6.75939E-09  SN120
  476    50. 121.   1   9.74016E-11  SN121
  477    50. 122.   1   3.02941E-09  SN122
  478    50. 123.   1   1.43193E-12  SN123
  479    50. 124.   1   1.07967E-10  SN124
  480    50. 125.   1   2.83967E-15  SN125
  481    50. 126.   1   1.43176E-13  SN126
  482    50. 127.   1   1.76498E-18  SN127
  483    50. 128.   1   2.33583E-22  SN128
  484    50. 129.   1   1.57197E-27  SN129
  485    50. 130.   1   1.00000E-99  SN130
  486    51. 112.   1   1.00000E-99  SB112
  487    51. 113.   1   1.00000E-99  SB113
  488    51. 114.   1   1.00000E-99  SB114
  489    51. 115.   1   4.14372E-22  SB115
  490    51. 116.   1   3.45339E-22  SB116
  491    51. 117.   1   1.56626E-20  SB117
  492    51. 118.   1   1.12283E-20  SB118
  493    51. 119.   1   6.01682E-19  SB119
  494    51. 120.   1   4.97342E-18  SB120
  495    51. 121.   1   3.26301E-10  SB121
  496    51. 122.   1   4.06901E-12  SB122
  497    51. 123.   1   2.52743E-10  SB123
  498    51. 124.   1   1.27715E-13  SB124
  499    51. 125.   1   2.17566E-13  SB125
  500    51. 126.   1   9.99111E-17  SB126
  501    51. 127.   1   6.10822E-17  SB127
  502    51. 128.   1   9.46159E-21  SB128
  503    51. 129.   1   3.86845E-23  SB129
  504    51. 130.   1   5.19343E-27  SB130
  505    51. 131.   1   1.00000E-99  SB131
  506    51. 132.   1   1.00000E-99  SB132
  507    51. 133.   1   1.00000E-99  SB133
  508    52. 114.   1   1.00000E-99  TE114
  509    52. 115.   1   1.00000E-99  TE115
  510    52. 116.   1   1.00000E-99  TE116
  511    52. 117.   1   1.00000E-99  TE117
  512    52. 118.   1   1.00000E-99  TE118
  513    52. 119.   1   1.00000E-99  TE119
  514    52. 120.   1   7.85061E-22  TE120
  515    52. 121.   1   1.66928E-19  TE121
  516    52. 122.   1   6.06016E-10  TE122
  517    52. 123.   1   2.23184E-10  TE123
  518    52. 124.   1   1.75716E-09  TE124
  519    52. 125.   1   5.73026E-10  TE125
  520    52. 126.   1   2.86505E-09  TE126
  521    52. 127.   1   3.94415E-11  TE127
  522    52. 128.   1   8.15460E-10  TE128
  523    52. 129.   1   7.32626E-13  TE129
  524    52. 130.   1   4.35485E-10  TE130
  525    52. 131.   1   4.05746E-14  TE131
  526    52. 132.   1   2.99210E-16  TE132
  527    52. 133.   1   1.76317E-20  TE133
  528    52. 134.   1   8.80361E-25  TE134
  529    53. 117.   1   1.00000E-99  I 117
  530    53. 118.   1   1.00000E-99  I 118
  531    53. 119.   1   1.00000E-99  I 119
  532    53. 120.   1   1.00000E-99  I 120
  533    53. 121.   1   1.00000E-99  I 121
  534    53. 122.   1   1.00000E-99  I 122
  535    53. 123.   1   1.48914E-20  I 123
  536    53. 124.   1   6.17262E-21  I 124
  537    53. 125.   1   4.37432E-19  I 125
  538    53. 126.   1   3.54207E-19  I 126
  539    53. 127.   1   4.01622E-10  I 127
  540    53. 128.   1   2.56339E-12  I 128
  541    53. 129.   1   1.13385E-10  I 129
  542    53. 130.   1   9.28114E-13  I 130
  543    53. 131.   1   4.66003E-13  I 131
  544    53. 132.   1   9.92191E-17  I 132
  545    53. 133.   1   1.36918E-18  I 133
  546    53. 134.   1   2.98822E-22  I 134
  547    53. 135.   1   2.48599E-25  I 135
  548    54. 118.   1   1.00000E-99  XE118
  549    54. 119.   1   1.00000E-99  XE119
  550    54. 120.   1   1.00000E-99  XE120
  551    54. 121.   1   1.00000E-99  XE121
  552    54. 122.   1   1.00000E-99  XE122
  553    54. 123.   1   1.00000E-99  XE123
  554    54. 124.   1   5.25853E-25  XE124
  555    54. 125.   1   1.70703E-25  XE125
  556    54. 126.   1   5.33582E-18  XE126
  557    54. 127.   1   2.09589E-18  XE127
  558    54. 128.   1   7.46667E-10  XE128
  559    54. 129.   1   2.77490E-10  XE129
  560    54. 130.   1   1.61526E-09  XE130
  561    54. 131.   1   7.32196E-10  XE131
  562    54. 132.   1   3.72985E-09  XE132
  563    54. 133.   1   1.38888E-10  XE133
  564    54. 134.   1   2.85397E-09  XE134
  565    54. 135.   1   4.16537E-12  XE135
  566    54. 136.   1   1.30524E-09  XE136
  567    54. 137.   1   1.00458E-19  XE137
  568    54. 138.   1   7.32040E-25  XE138
  569    55. 123.   1   1.00000E-99  CS123
  570    55. 124.   1   1.00000E-99  CS124
  571    55. 125.   1   1.00000E-99  CS125
  572    55. 126.   1   1.00000E-99  CS126
  573    55. 127.   1   1.00000E-99  CS127
  574    55. 128.   1   1.00000E-99  CS128
  575    55. 129.   1   2.04657E-20  CS129
  576    55. 130.   1   5.32995E-21  CS130
  577    55. 131.   1   4.13655E-19  CS131
  578    55. 132.   1   1.04524E-17  CS132
  579    55. 133.   1   6.08880E-10  CS133
  580    55. 134.   1   1.44504E-11  CS134
  581    55. 135.   1   4.39947E-10  CS135
  582    55. 136.   1   7.61476E-11  CS136
  583    55. 137.   1   5.33718E-11  CS137
  584    55. 138.   1   7.61973E-19  CS138
  585    55. 139.   1   2.16818E-23  CS139
  586    56. 124.   1   1.00000E-99  BA124
  587    56. 125.   1   1.00000E-99  BA125
  588    56. 126.   1   1.00000E-99  BA126
  589    56. 127.   1   1.00000E-99  BA127
  590    56. 128.   1   1.00000E-99  BA128
  591    56. 129.   1   1.00000E-99  BA129
  592    56. 130.   1   3.47227E-25  BA130
  593    56. 131.   1   1.72583E-25  BA131
  594    56. 132.   1   3.37978E-19  BA132
  595    56. 133.   1   8.02047E-18  BA133
  596    56. 134.   1   1.17664E-09  BA134
  597    56. 135.   1   5.26586E-10  BA135
  598    56. 136.   1   3.81188E-09  BA136
  599    56. 137.   1   3.24166E-09  BA137
  600    56. 138.   1   5.08631E-08  BA138
  601    56. 139.   1   1.40141E-15  BA139
  602    56. 140.   1   2.86050E-16  BA140
  603    56. 141.   1   2.51224E-23  BA141
  604    56. 142.   1   1.00000E-99  BA142
  605    57. 127.   1   1.00000E-99  LA127
  606    57. 128.   1   1.00000E-99  LA128
  607    57. 129.   1   1.00000E-99  LA129
  608    57. 130.   1   1.00000E-99  LA130
  609    57. 131.   1   1.00000E-99  LA131
  610    57. 132.   1   1.00000E-99  LA132
  611    57. 133.   1   1.00000E-99  LA133
  612    57. 134.   1   1.00000E-99  LA134
  613    57. 135.   1   1.24124E-20  LA135
  614    57. 136.   1   4.20667E-21  LA136
  615    57. 137.   1   1.71771E-19  LA137
  616    57. 138.   1   1.95351E-18  LA138
  617    57. 139.   1   6.03242E-09  LA139
  618    57. 140.   1   4.62603E-14  LA140
  619    57. 141.   1   1.55158E-16  LA141
  620    57. 142.   1   3.63353E-22  LA142
  621    57. 143.   1   1.18991E-25  LA143
  622    58. 130.   1   1.00000E-99  CE130
  623    58. 131.   1   1.00000E-99  CE131
  624    58. 132.   1   1.00000E-99  CE132
  625    58. 133.   1   1.00000E-99  CE133
  626    58. 134.   1   1.00000E-99  CE134
  627    58. 135.   1   1.00000E-99  CE135
  628    58. 136.   1   8.56509E-25  CE136
  629    58. 137.   1   1.92590E-25  CE137
  630    58. 138.   1   5.12618E-17  CE138
  631    58. 139.   1   6.85255E-15  CE139
  632    58. 140.   1   1.08690E-08  CE140
  633    58. 141.   1   1.08587E-13  CE141
  634    58. 142.   1   9.41454E-12  CE142
  635    58. 143.   1   3.85101E-15  CE143
  636    58. 144.   1   1.43218E-11  CE144
  637    58. 145.   1   4.23423E-18  CE145
  638    58. 146.   1   1.79516E-21  CE146
  639    59. 133.   1   1.00000E-99  PR133
  640    59. 134.   1   1.00000E-99  PR134
  641    59. 135.   1   1.00000E-99  PR135
  642    59. 136.   1   1.00000E-99  PR136
  643    59. 137.   1   1.00000E-99  PR137
  644    59. 138.   1   1.00000E-99  PR138
  645    59. 139.   1   1.00000E-99  PR139
  646    59. 140.   1   3.76696E-22  PR140
  647    59. 141.   1   6.59696E-10  PR141
  648    59. 142.   1   3.86691E-12  PR142
  649    59. 143.   1   2.67311E-12  PR143
  650    59. 144.   1   2.23489E-15  PR144
  651    59. 145.   1   4.86319E-16  PR145
  652    59. 146.   1   9.34542E-22  PR146
  653    59. 147.   1   9.29290E-25  PR147
  654    59. 148.   1   1.00000E-99  PR148
  655    59. 149.   1   1.00000E-99  PR149
  656    60. 134.   1   1.00000E-99  ND134
  657    60. 135.   1   1.00000E-99  ND135
  658    60. 136.   1   1.00000E-99  ND136
  659    60. 137.   1   1.00000E-99  ND137
  660    60. 138.   1   1.00000E-99  ND138
  661    60. 139.   1   1.00000E-99  ND139
  662    60. 140.   1   2.30693E-25  ND140
  663    60. 141.   1   3.06037E-21  ND141
  664    60. 142.   1   1.07171E-09  ND142
  665    60. 143.   1   4.50836E-11  ND143
  666    60. 144.   1   1.46240E-12  ND144
  667    60. 145.   1   3.14037E-13  ND145
  668    60. 146.   1   1.04244E-09  ND146
  669    60. 147.   1   7.36711E-14  ND147
  670    60. 148.   1   1.57052E-10  ND148
  671    60. 149.   1   6.26200E-16  ND149
  672    60. 150.   1   3.90697E-12  ND150
  673    60. 151.   1   1.32389E-16  ND151
  674    60. 152.   1   3.10309E-20  ND152
  675    61. 137.   1   1.00000E-99  PM137
  676    61. 138.   1   1.00000E-99  PM138
  677    61. 139.   1   1.00000E-99  PM139
  678    61. 140.   1   1.00000E-99  PM140
  679    61. 141.   1   1.00000E-99  PM141
  680    61. 142.   1   1.00000E-99  PM142
  681    61. 143.   1   1.14948E-17  PM143
  682    61. 144.   1   3.97293E-18  PM144
  683    61. 145.   1   2.46503E-14  PM145
  684    61. 146.   1   1.38564E-14  PM146
  685    61. 147.   1   6.02657E-11  PM147
  686    61. 148.   1   1.23000E-14  PM148
  687    61. 149.   1   1.03753E-14  PM149
  688    61. 150.   1   1.94704E-19  PM150
  689    61. 151.   1   1.11985E-15  PM151
  690    61. 152.   1   8.27985E-19  PM152
  691    61. 153.   1   7.69667E-22  PM153
  692    61. 154.   1   6.22053E-26  PM154
  693    62. 140.   1   1.00000E-99  SM140
  694    62. 141.   1   1.00000E-99  SM141
  695    62. 142.   1   1.00000E-99  SM142
  696    62. 143.   1   1.00000E-99  SM143
  697    62. 144.   1   4.61153E-18  SM144
  698    62. 145.   1   4.56161E-19  SM145
  699    62. 146.   1   6.46172E-15  SM146
  700    62. 147.   1   1.31375E-13  SM147
  701    62. 148.   1   1.62162E-11  SM148
  702    62. 149.   1   1.35020E-13  SM149
  703    62. 150.   1   1.80795E-10  SM150
  704    62. 151.   1   1.54388E-13  SM151
  705    62. 152.   1   4.15647E-11  SM152
  706    62. 153.   1   4.13481E-13  SM153
  707    62. 154.   1   1.92401E-11  SM154
  708    62. 155.   1   1.04743E-14  SM155
  709    62. 156.   1   1.16175E-16  SM156
  710    62. 157.   1   4.12535E-22  SM157
  711    62. 158.   1   1.02083E-25  SM158
  712    63. 143.   1   1.00000E-99  EU143
  713    63. 144.   1   1.00000E-99  EU144
  714    63. 145.   1   1.00000E-99  EU145
  715    63. 146.   1   1.00000E-99  EU146
  716    63. 147.   1   1.00000E-99  EU147
  717    63. 148.   1   1.17147E-26  EU148
  718    63. 149.   1   7.34718E-20  EU149
  719    63. 150.   1   2.37062E-20  EU150
  720    63. 151.   1   1.18658E-14  EU151
  721    63. 152.   1   9.57211E-17  EU152
  722    63. 153.   1   1.07757E-11  EU153
  723    63. 154.   1   3.11866E-13  EU154
  724    63. 155.   1   3.66783E-12  EU155
  725    63. 156.   1   1.14592E-14  EU156
  726    63. 157.   1   3.08057E-16  EU157
  727    63. 158.   1   1.14171E-19  EU158
  728    63. 159.   1   3.87283E-22  EU159
  729    64. 144.   1   1.00000E-99  GD144
  730    64. 145.   1   1.00000E-99  GD145
  731    64. 146.   1   1.00000E-99  GD146
  732    64. 147.   1   1.00000E-99  GD147
  733    64. 148.   1   1.00000E-99  GD148
  734    64. 149.   1   1.00000E-99  GD149
  735    64. 150.   1   2.02731E-21  GD150
  736    64. 151.   1   5.15540E-21  GD151
  737    64. 152.   1   2.30971E-14  GD152
  738    64. 153.   1   3.50431E-15  GD153
  739    64. 154.   1   1.00208E-11  GD154
  740    64. 155.   1   5.42838E-12  GD155
  741    64. 156.   1   3.81835E-10  GD156
  742    64. 157.   1   2.62964E-12  GD157
  743    64. 158.   1   1.84004E-10  GD158
  744    64. 159.   1   5.50688E-13  GD159
  745    64. 160.   1   3.07349E-11  GD160
  746    64. 161.   1   1.89921E-15  GD161
  747    64. 162.   1   4.95545E-19  GD162
  748    65. 147.   1   1.00000E-99  TB147
  749    65. 148.   1   1.00000E-99  TB148
  750    65. 149.   1   1.00000E-99  TB149
  751    65. 150.   1   1.00000E-99  TB150
  752    65. 151.   1   1.00000E-99  TB151
  753    65. 152.   1   1.00000E-99  TB152
  754    65. 153.   1   4.27158E-27  TB153
  755    65. 154.   1   7.54036E-27  TB154
  756    65. 155.   1   1.58216E-23  TB155
  757    65. 156.   1   2.01908E-22  TB156
  758    65. 157.   1   6.73453E-16  TB157
  759    65. 158.   1   8.93543E-16  TB158
  760    65. 159.   1   8.50089E-12  TB159
  761    65. 160.   1   9.19242E-14  TB160
  762    65. 161.   1   4.03678E-13  TB161
  763    65. 162.   1   2.94840E-16  TB162
  764    65. 163.   1   7.26539E-19  TB163
  765    65. 164.   1   4.81364E-23  TB164
  766    65. 165.   1   1.34695E-26  TB165
  767    66. 148.   1   1.00000E-99  DY148
  768    66. 149.   1   1.00000E-99  DY149
  769    66. 150.   1   1.00000E-99  DY150
  770    66. 151.   1   1.00000E-99  DY151
  771    66. 152.   1   1.00000E-99  DY152
  772    66. 153.   1   1.00000E-99  DY153
  773    66. 154.   1   1.00000E-99  DY154
  774    66. 155.   1   1.00000E-99  DY155
  775    66. 156.   1   4.64569E-24  DY156
  776    66. 157.   1   1.72101E-23  DY157
  777    66. 158.   1   2.33366E-16  DY158
  778    66. 159.   1   4.22300E-16  DY159
  779    66. 160.   1   5.20903E-11  DY160
  780    66. 161.   1   1.13708E-11  DY161
  781    66. 162.   1   3.26224E-10  DY162
  782    66. 163.   1   1.04281E-11  DY163
  783    66. 164.   1   2.97062E-10  DY164
  784    66. 165.   1   2.48189E-14  DY165
  785    66. 166.   1   6.10978E-16  DY166
  786    66. 167.   1   1.19319E-20  DY167
  787    66. 168.   1   6.72616E-24  DY168
  788    67. 153.   1   1.00000E-99  HO153
  789    67. 154.   1   1.00000E-99  HO154
  790    67. 155.   1   1.00000E-99  HO155
  791    67. 156.   1   1.00000E-99  HO156
  792    67. 157.   1   1.00000E-99  HO157
  793    67. 158.   1   1.00000E-99  HO158
  794    67. 159.   1   1.00000E-99  HO159
  795    67. 160.   1   1.00000E-99  HO160
  796    67. 161.   1   1.44526E-22  HO161
  797    67. 162.   1   1.95555E-19  HO162
  798    67. 163.   1   1.16425E-12  HO163
  799    67. 164.   1   4.06022E-14  HO164
  800    67. 165.   1   9.22516E-11  HO165
  801    67. 166.   1   8.05642E-14  HO166
  802    67. 167.   1   4.45946E-15  HO167
  803    67. 168.   1   8.98759E-19  HO168
  804    67. 169.   1   5.36167E-22  HO169
  805    68. 154.   1   1.00000E-99  ER154
  806    68. 155.   1   1.00000E-99  ER155
  807    68. 156.   1   1.00000E-99  ER156
  808    68. 157.   1   1.00000E-99  ER157
  809    68. 158.   1   1.00000E-99  ER158
  810    68. 159.   1   1.00000E-99  ER159
  811    68. 160.   1   1.00000E-99  ER160
  812    68. 161.   1   3.98753E-27  ER161
  813    68. 162.   1   1.51725E-18  ER162
  814    68. 163.   1   1.36430E-18  ER163
  815    68. 164.   1   2.60201E-12  ER164
  816    68. 165.   1   1.29953E-12  ER165
  817    68. 166.   1   1.35761E-10  ER166
  818    68. 167.   1   4.09297E-12  ER167
  819    68. 168.   1   3.65210E-10  ER168
  820    68. 169.   1   9.59874E-13  ER169
  821    68. 170.   1   1.15446E-10  ER170
  822    68. 171.   1   6.15661E-15  ER171
  823    68. 172.   1   2.47883E-16  ER172
  824    68. 173.   1   5.14121E-22  ER173
  825    68. 174.   1   6.02629E-26  ER174
  826    68. 175.   1   1.00000E-99  ER175
  827    69. 159.   1   1.00000E-99  TM159
  828    69. 160.   1   1.00000E-99  TM160
  829    69. 161.   1   1.00000E-99  TM161
  830    69. 162.   1   1.00000E-99  TM162
  831    69. 163.   1   1.00000E-99  TM163
  832    69. 164.   1   1.00000E-99  TM164
  833    69. 165.   1   2.12978E-25  TM165
  834    69. 166.   1   2.94253E-23  TM166
  835    69. 167.   1   9.20448E-16  TM167
  836    69. 168.   1   1.55255E-15  TM168
  837    69. 169.   1   2.32890E-11  TM169
  838    69. 170.   1   8.48529E-13  TM170
  839    69. 171.   1   8.60081E-11  TM171
  840    69. 172.   1   2.71589E-14  TM172
  841    69. 173.   1   1.94218E-15  TM173
  842    69. 174.   1   2.90546E-19  TM174
  843    69. 175.   1   3.58222E-22  TM175
  844    69. 176.   1   1.02645E-27  TM176
  845    70. 160.   1   1.00000E-99  YB160
  846    70. 161.   1   1.00000E-99  YB161
  847    70. 162.   1   1.00000E-99  YB162
  848    70. 163.   1   1.00000E-99  YB163
  849    70. 164.   1   1.00000E-99  YB164
  850    70. 165.   1   1.00000E-99  YB165
  851    70. 166.   1   1.00000E-99  YB166
  852    70. 167.   1   1.00000E-99  YB167
  853    70. 168.   1   1.60390E-18  YB168
  854    70. 169.   1   2.66006E-18  YB169
  855    70. 170.   1   2.15743E-11  YB170
  856    70. 171.   1   5.48232E-12  YB171
  857    70. 172.   1   2.22192E-10  YB172
  858    70. 173.   1   4.96880E-12  YB173
  859    70. 174.   1   3.60605E-10  YB174
  860    70. 175.   1   6.11520E-14  YB175
  861    70. 176.   1   6.61676E-14  YB176
  862    70. 177.   1   4.31119E-18  YB177
  863    70. 178.   1   8.30455E-21  YB178
  864    70. 179.   1   2.15988E-27  YB179
  865    70. 180.   1   1.00000E-99  YB180
  866    71. 165.   1   1.00000E-99  LU165
  867    71. 166.   1   1.00000E-99  LU166
  868    71. 167.   1   1.00000E-99  LU167
  869    71. 168.   1   1.00000E-99  LU168
  870    71. 169.   1   1.00000E-99  LU169
  871    71. 170.   1   1.00000E-99  LU170
  872    71. 171.   1   2.40033E-21  LU171
  873    71. 172.   1   6.28886E-20  LU172
  874    71. 173.   1   1.39250E-14  LU173
  875    71. 174.   1   9.10013E-14  LU174
  876    71. 175.   1   6.39780E-11  LU175
  877    71. 176.   1   1.59103E-14  LU176
  878    71. 177.   1   1.64474E-15  LU177
  879    71. 178.   1   3.71111E-18  LU178
  880    71. 179.   1   3.29031E-20  LU179
  881    71. 180.   1   6.96554E-24  LU180
  882    71. 181.   1   2.52595E-27  LU181
  883    71. 182.   1   1.00000E-99  LU182
  884    72. 166.   1   1.00000E-99  HF166
  885    72. 167.   1   1.00000E-99  HF167
  886    72. 168.   1   1.00000E-99  HF168
  887    72. 169.   1   1.00000E-99  HF169
  888    72. 170.   1   1.00000E-99  HF170
  889    72. 171.   1   1.00000E-99  HF171
  890    72. 172.   1   1.85325E-24  HF172
  891    72. 173.   1   8.78203E-23  HF173
  892    72. 174.   1   7.31043E-16  HF174
  893    72. 175.   1   9.13645E-16  HF175
  894    72. 176.   1   2.16269E-11  HF176
  895    72. 177.   1   3.57268E-12  HF177
  896    72. 178.   1   2.92240E-10  HF178
  897    72. 179.   1   1.55146E-13  HF179
  898    72. 180.   1   2.58243E-10  HF180
  899    72. 181.   1   3.80369E-15  HF181
  900    72. 182.   1   6.13853E-16  HF182
  901    72. 183.   1   1.81474E-22  HF183
  902    72. 184.   1   8.30772E-24  HF184
  903    72. 185.   1   1.00000E-99  HF185
  904    73. 169.   1   1.00000E-99  TA169
  905    73. 170.   1   1.00000E-99  TA170
  906    73. 171.   1   1.00000E-99  TA171
  907    73. 172.   1   1.00000E-99  TA172
  908    73. 173.   1   1.00000E-99  TA173
  909    73. 174.   1   1.00000E-99  TA174
  910    73. 175.   1   1.00000E-99  TA175
  911    73. 176.   1   1.36018E-25  TA176
  912    73. 177.   1   1.39041E-18  TA177
  913    73. 178.   1   3.62062E-19  TA178
  914    73. 179.   1   6.79162E-13  TA179
  915    73. 180.   1   2.44979E-13  TA180
  916    73. 181.   1   1.13383E-10  TA181
  917    73. 182.   1   5.02821E-14  TA182
  918    73. 183.   1   4.47491E-15  TA183
  919    73. 184.   1   1.96566E-19  TA184
  920    73. 185.   1   1.35517E-21  TA185
  921    73. 186.   1   1.34517E-26  TA186
  922    74. 172.   1   1.00000E-99  W 172
  923    74. 173.   1   1.00000E-99  W 173
  924    74. 174.   1   1.00000E-99  W 174
  925    74. 175.   1   1.00000E-99  W 175
  926    74. 176.   1   1.00000E-99  W 176
  927    74. 177.   1   1.00000E-99  W 177
  928    74. 178.   1   1.96106E-21  W 178
  929    74. 179.   1   6.11492E-20  W 179
  930    74. 180.   1   7.95704E-13  W 180
  931    74. 181.   1   3.48014E-13  W 181
  932    74. 182.   1   1.73421E-10  W 182
  933    74. 183.   1   2.87923E-12  W 183
  934    74. 184.   1   3.64771E-10  W 184
  935    74. 185.   1   1.11146E-13  W 185
  936    74. 186.   1   3.71161E-12  W 186
  937    74. 187.   1   7.45127E-17  W 187
  938    74. 188.   1   9.76115E-14  W 188
  939    74. 189.   1   4.40750E-20  W 189
  940    74. 190.   1   1.15539E-22  W 190
  941    75. 175.   1   1.00000E-99  RE175
  942    75. 176.   1   1.00000E-99  RE176
  943    75. 177.   1   1.00000E-99  RE177
  944    75. 178.   1   1.00000E-99  RE178
  945    75. 179.   1   1.00000E-99  RE179
  946    75. 180.   1   1.00000E-99  RE180
  947    75. 181.   1   8.25866E-21  RE181
  948    75. 182.   1   2.08868E-19  RE182
  949    75. 183.   1   3.23004E-13  RE183
  950    75. 184.   1   9.12536E-13  RE184
  951    75. 185.   1   6.86068E-11  RE185
  952    75. 186.   1   2.76012E-14  RE186
  953    75. 187.   1   1.01211E-11  RE187
  954    75. 188.   1   1.88004E-16  RE188
  955    75. 189.   1   2.82097E-17  RE189
  956    75. 190.   1   2.53753E-21  RE190
  957    75. 191.   1   3.21523E-24  RE191
  958    76. 179.   1   1.00000E-99  OS179
  959    76. 180.   1   1.00000E-99  OS180
  960    76. 181.   1   1.00000E-99  OS181
  961    76. 182.   1   1.65532E-25  OS182
  962    76. 183.   1   8.98625E-24  OS183
  963    76. 184.   1   4.68936E-16  OS184
  964    76. 185.   1   1.85360E-15  OS185
  965    76. 186.   1   1.67184E-11  OS186
  966    76. 187.   1   1.44334E-12  OS187
  967    76. 188.   1   1.95820E-10  OS188
  968    76. 189.   1   1.13917E-12  OS189
  969    76. 190.   1   2.14524E-10  OS190
  970    76. 191.   1   8.43683E-14  OS191
  971    76. 192.   1   1.20545E-10  OS192
  972    76. 193.   1   2.92394E-15  OS193
  973    76. 194.   1   2.23949E-11  OS194
  974    76. 195.   1   2.53747E-16  OS195
  975    76. 196.   1   3.08972E-19  OS196
  976    77. 181.   1   1.00000E-99  IR181
  977    77. 182.   1   1.00000E-99  IR182
  978    77. 183.   1   1.00000E-99  IR183
  979    77. 184.   1   1.00000E-99  IR184
  980    77. 185.   1   1.00000E-99  IR185
  981    77. 186.   1   1.00000E-99  IR186
  982    77. 187.   1   5.73489E-22  IR187
  983    77. 188.   1   3.82333E-21  IR188
  984    77. 189.   1   8.83849E-16  IR189
  985    77. 190.   1   5.88477E-17  IR190
  986    77. 191.   1   7.57494E-11  IR191
  987    77. 192.   1   6.70185E-14  IR192
  988    77. 193.   1   9.44526E-11  IR193
  989    77. 194.   1   4.89965E-15  IR194
  990    77. 195.   1   8.25033E-15  IR195
  991    77. 196.   1   1.03540E-18  IR196
  992    77. 197.   1   1.51470E-21  IR197
  993    78. 184.   1   1.00000E-99  PT184
  994    78. 185.   1   1.00000E-99  PT185
  995    78. 186.   1   1.00000E-99  PT186
  996    78. 187.   1   1.00000E-99  PT187
  997    78. 188.   1   1.00000E-99  PT188
  998    78. 189.   1   2.66132E-25  PT189
  999    78. 190.   1   7.13462E-18  PT190
 1000    78. 191.   1   1.19968E-17  PT191
 1001    78. 192.   1   1.87368E-12  PT192
 1002    78. 193.   1   1.31327E-12  PT193
 1003    78. 194.   1   1.31398E-10  PT194
 1004    78. 195.   1   1.31407E-11  PT195
 1005    78. 196.   1   2.21076E-10  PT196
 1006    78. 197.   1   2.75863E-12  PT197
 1007    78. 198.   1   4.04060E-11  PT198
 1008    78. 199.   1   1.08230E-14  PT199
 1009    78. 200.   1   6.06121E-17  PT200
 1010    78. 201.   1   2.51178E-22  PT201
 1011    78. 202.   1   2.40866E-24  PT202
 1012    79. 185.   1   1.00000E-99  AU185
 1013    79. 186.   1   1.00000E-99  AU186
 1014    79. 187.   1   1.00000E-99  AU187
 1015    79. 188.   1   1.00000E-99  AU188
 1016    79. 189.   1   1.00000E-99  AU189
 1017    79. 190.   1   1.00000E-99  AU190
 1018    79. 191.   1   1.00000E-99  AU191
 1019    79. 192.   1   1.00000E-99  AU192
 1020    79. 193.   1   7.53468E-22  AU193
 1021    79. 194.   1   1.21948E-20  AU194
 1022    79. 195.   1   1.84960E-14  AU195
 1023    79. 196.   1   1.71899E-14  AU196
 1024    79. 197.   1   8.03666E-11  AU197
 1025    79. 198.   1   1.56113E-12  AU198
 1026    79. 199.   1   6.41365E-13  AU199
 1027    79. 200.   1   1.15963E-14  AU200
 1028    79. 201.   1   1.28714E-17  AU201
 1029    79. 202.   1   5.24134E-23  AU202
 1030    79. 203.   1   1.16901E-27  AU203
 1031    80. 189.   1   1.00000E-99  HG189
 1032    80. 190.   1   1.00000E-99  HG190
 1033    80. 191.   1   1.00000E-99  HG191
 1034    80. 192.   1   1.00000E-99  HG192
 1035    80. 193.   1   1.00000E-99  HG193
 1036    80. 194.   1   5.99510E-23  HG194
 1037    80. 195.   1   1.70551E-20  HG195
 1038    80. 196.   1   1.71686E-14  HG196
 1039    80. 197.   1   8.33112E-15  HG197
 1040    80. 198.   1   1.90946E-10  HG198
 1041    80. 199.   1   1.51749E-10  HG199
 1042    80. 200.   1   6.49247E-10  HG200
 1043    80. 201.   1   2.20970E-10  HG201
 1044    80. 202.   1   1.12663E-09  HG202
 1045    80. 203.   1   4.70202E-12  HG203
 1046    80. 204.   1   8.72077E-11  HG204
 1047    80. 205.   1   2.78076E-15  HG205
 1048    80. 206.   1   2.65230E-20  HG206
 1049    80. 207.   1   1.00000E-99  HG207
 1050    80. 208.   1   1.00000E-99  HG208
 1051    81. 192.   1   1.00000E-99  TL192
 1052    81. 193.   1   1.00000E-99  TL193
 1053    81. 194.   1   1.00000E-99  TL194
 1054    81. 195.   1   1.00000E-99  TL195
 1055    81. 196.   1   1.00000E-99  TL196
 1056    81. 197.   1   1.00000E-99  TL197
 1057    81. 198.   1   1.00000E-99  TL198
 1058    81. 199.   1   4.71877E-23  TL199
 1059    81. 200.   1   1.79933E-20  TL200
 1060    81. 201.   1   2.31378E-15  TL201
 1061    81. 202.   1   5.24566E-13  TL202
 1062    81. 203.   1   1.31755E-09  TL203
 1063    81. 204.   1   3.73967E-12  TL204
 1064    81. 205.   1   2.07782E-10  TL205
 1065    81. 206.   1   3.16317E-15  TL206
 1066    81. 207.   1   4.53445E-20  TL207
 1067    81. 208.   1   1.00000E-99  TL208
 1068    81. 209.   1   1.00000E-99  TL209
 1069    81. 210.   1   1.00000E-99  TL210
 1070    82. 193.   1   1.00000E-99  PB193
 1071    82. 194.   1   1.00000E-99  PB194
 1072    82. 195.   1   1.00000E-99  PB195
 1073    82. 196.   1   1.00000E-99  PB196
 1074    82. 197.   1   1.00000E-99  PB197
 1075    82. 198.   1   1.00000E-99  PB198
 1076    82. 199.   1   1.00000E-99  PB199
 1077    82. 200.   1   1.00000E-99  PB200
 1078    82. 201.   1   7.51311E-26  PB201
 1079    82. 202.   1   2.21048E-17  PB202
 1080    82. 203.   1   2.51319E-16  PB203
 1081    82. 204.   1   1.61869E-09  PB204
 1082    82. 205.   1   1.29833E-09  PB205
 1083    82. 208.   1   1.53285E-08  PB208
 1084    82. 209.   1   4.75975E-19  PB209
 1085    82. 210.   1   1.34289E-24  PB210
 1086    82. 211.   1   1.00000E-99  PB211
 1087    83. 202.   1   1.00000E-99  BI202
 1088    83. 203.   1   1.00000E-99  BI203
 1089    83. 204.   1   1.00000E-99  BI204
 1090    83. 205.   1   2.87608E-21  BI205
 1091    83. 206.   1   3.54019E-18  BI206
 1092    83. 207.   1   1.02636E-13  BI207
 1093    83. 208.   1   7.09119E-13  BI208
 1094    83. 209.   1   6.91526E-10  BI209
 1095    83. 210.   1   4.86567E-17  BI210
 1096    13.  26.   2   1.00000E-99  AL*26
 1097    36.  85.   2   1.00000E-99  KR*85
 1098    48. 115.   2   1.00000E-99  CD*15
 1099    71. 176.   2   1.00000E-99  LU*76
 1100    73. 180.   2   1.00000E-99  TAg80
